
--- embed.weight | shape=(81, 128) ---
[[-1.1258398  -1.1523602  -0.25057858 ...  1.1647835   0.9233735
   1.3872952 ]
 [-0.8728119  -0.40686297 -0.79260945 ...  0.1298298   1.9005827
   0.37246266]
 [-0.04367213 -0.79417866 -0.50235856 ...  0.5639913  -0.17435686
  -0.23481436]
 ...
 [-0.12053784  0.05715511 -0.5009222  ... -0.7126923  -0.7773132
   0.07527889]
 [ 0.7897224   0.5485091   0.885111   ... -0.49683776 -0.12604085
  -0.29820025]
 [-1.2771184  -0.1230415   0.24314046 ... -0.4571094   0.9002082
  -0.15394226]]

--- fc1.weight | shape=(128, 128) ---
[[ 0.03234021 -0.0893209   0.06537607 ... -0.03783758  0.02533925
  -0.00611369]
 [-0.09210483  0.05936599 -0.03822786 ... -0.00692055  0.09909692
   0.09502304]
 [ 0.01875147 -0.0156017   0.04516644 ... -0.00639461  0.00079905
  -0.01364056]
 ...
 [-0.01630003 -0.06157817  0.07761514 ... -0.00502353  0.03978711
   0.0848583 ]
 [ 0.034644   -0.01030873 -0.01478193 ...  0.02797799  0.02130693
   0.0820696 ]
 [ 0.02095707  0.05845698 -0.10618902 ...  0.03456156 -0.01805027
  -0.03275448]]

--- fc1.bias | shape=(128,) ---
[-0.09797113  0.05793762 -0.02909403 -0.0119746  -0.04966965  0.03637896
 -0.0109056   0.04646057  0.08227724  0.02798764 -0.06484586 -0.01404034
  0.02914396 -0.00579384  0.10993536  0.03811315  0.03074748 -0.03048293
  0.05570475 -0.00430864  0.02505368 -0.03962538 -0.03440154  0.08236182
  0.08040814 -0.06686772  0.02848097  0.03154569 -0.02915271  0.01262779
 -0.00310645  0.07068141  0.0157125  -0.08939169 -0.01437308 -0.02770744
  0.02934192 -0.01155381  0.00543244 -0.00234707 -0.05756904  0.0065969
 -0.08445221 -0.02628423  0.0721966   0.00473255  0.02375001  0.03349344
  0.10918103  0.09992712  0.10610598 -0.04249575 -0.02857786  0.07899509
  0.05152044  0.10275051  0.09086408  0.07891247  0.02551435  0.01662479
 -0.05297844  0.09008051 -0.01544453  0.04708773 -0.04391364 -0.07007758
 -0.05915646  0.01940988  0.01645219  0.07649833 -0.00053898 -0.02059043
  0.04446827  0.04811622 -0.05691919 -0.0381063  -0.04720084  0.03717677
  0.09640314  0.00221108  0.01301883  0.06894399 -0.07100911  0.11183127
  0.10778652 -0.03499155  0.00870654  0.06352491 -0.07338747 -0.04315632
  0.07612792  0.04548594 -0.05492015  0.06197892 -0.01458334  0.0162541
 -0.11865082 -0.06012475 -0.02126181 -0.03966526 -0.04663028  0.04253108
  0.07240229 -0.05532501  0.0349386   0.06451084 -0.02169864  0.03885854
 -0.00226842  0.0029075  -0.01991995  0.01843077  0.08017637 -0.03714271
  0.01527771  0.08926693  0.08116753 -0.02356031  0.09320837 -0.01773127
  0.0126657   0.01953309 -0.01638491 -0.04930511 -0.00207638 -0.0690095
  0.01319066  0.03266849]

--- logits.weight | shape=(4, 128) ---
[[ 0.05921348 -0.08609199  0.01375572  0.04140273  0.06369095  0.10319336
  -0.04298947  0.04831207  0.07039028  0.01455593 -0.0792293  -0.0063604
  -0.13173488  0.02273721 -0.04516597  0.00227659  0.11974777 -0.00311872
  -0.09150817 -0.08402302 -0.01632255 -0.09673421  0.06530535 -0.06953497
  -0.08199619  0.0696024   0.02479915  0.07533275  0.02198124  0.0579123
   0.03951975  0.02267377 -0.05122467 -0.0880122  -0.01298581  0.07984599
   0.08559105 -0.04267987 -0.04997702  0.06020304  0.0439266   0.03922189
  -0.07779339 -0.08846955  0.0609138   0.05669404  0.02969654  0.01934564
  -0.09489506  0.02510207  0.06032754 -0.00942133 -0.08252674  0.03811974
  -0.09419364  0.07512    -0.05485475 -0.0469755   0.09100545 -0.0670509
   0.01441303 -0.09734922  0.01157456 -0.04745515  0.02456103  0.0779046
  -0.04661886  0.06771425 -0.01601224  0.14469418 -0.01882284 -0.03196337
  -0.04073728  0.05359434 -0.08080579 -0.07860051 -0.0354408  -0.12903455
   0.00320929 -0.00278607 -0.00554773 -0.01193064 -0.05209776  0.14664052
  -0.04910685 -0.10929806  0.06010083 -0.11569168 -0.05834277 -0.07886431
   0.03205357  0.0135488   0.03003139  0.09875793 -0.07697602 -0.01912284
   0.00957668  0.05987608 -0.04832767  0.0398726  -0.0424845  -0.0758496
   0.00689799  0.01259591  0.00676676  0.07142141  0.00457358  0.09465822
   0.0048629  -0.11228687 -0.04077426 -0.03527454  0.0389624   0.02499877
   0.08073189 -0.03938169 -0.05100082 -0.10816387 -0.09791288 -0.05605023
   0.07211467  0.01620011  0.0422799   0.08371453  0.00695464  0.07543566
  -0.07508897  0.00777639]
 [-0.02925851 -0.02637285  0.04821304  0.02733705  0.04101694 -0.0741642
   0.07483558 -0.01058188  0.04960179 -0.06674176 -0.10993522  0.06626061
   0.12935792 -0.05384294 -0.08382228  0.108947   -0.08174244 -0.07603419
  -0.0704271   0.07479669  0.10782366  0.06400774 -0.09030569  0.11895718
  -0.00805869  0.02422414 -0.09228458  0.00686862  0.01744937 -0.03410519
   0.03228483 -0.06433745  0.02841759 -0.01568771 -0.05172634 -0.00456547
  -0.11852422  0.0569802  -0.08358594 -0.04932663  0.06785305 -0.09262652
   0.06729839  0.0758289   0.08401196  0.09123796 -0.03742008  0.13284628
   0.04649696 -0.03528963 -0.00334929 -0.0248517  -0.01563077  0.10314415
  -0.00122461 -0.04849531 -0.01326576 -0.01547083 -0.00536816 -0.04376019
   0.07499056  0.08660638  0.06533742  0.01354467  0.04786709 -0.00674131
   0.06719528 -0.00933373  0.10463976  0.00653505 -0.10320748  0.00972764
   0.04367009  0.06483851 -0.0859552  -0.03729476  0.07670308  0.02885673
   0.07224879  0.05455639  0.05312691  0.08886947  0.03684173  0.01273189
   0.07722341 -0.05127034 -0.06274159  0.10634338 -0.05744709  0.0951354
   0.00065605  0.02288203 -0.07493877 -0.04141804 -0.04856548  0.09345751
  -0.02874803 -0.09207392 -0.0568579   0.01513762  0.04868147  0.00036824
   0.10542028  0.0007675   0.03646555 -0.01040251 -0.00677665  0.01726442
   0.02182584 -0.08150998 -0.09934862  0.08853303 -0.01685994 -0.08217493
   0.03272808  0.0741583  -0.07611685  0.04328494 -0.08754862  0.05153648
   0.11431737 -0.03869206 -0.08087435 -0.02226966 -0.08636741  0.00612978
  -0.03743063  0.06888688]
 [ 0.0697762  -0.05449051  0.04685521  0.02417749  0.03738361 -0.05848289
   0.0545143   0.00675833 -0.08502336 -0.09097656  0.127042    0.06263822
  -0.07982198  0.11929289 -0.081752    0.00881005 -0.12380177 -0.05583626
   0.01719918 -0.0539089   0.0009771   0.02048033 -0.01343438  0.05497625
   0.00881202 -0.08824918 -0.001403   -0.0792375  -0.02514564 -0.03771987
  -0.07349355 -0.07451684  0.0758251  -0.02105852  0.07908705 -0.03170763
  -0.07773641 -0.0589925   0.07570113 -0.02417794 -0.05234705  0.08860663
   0.01868728  0.00794233 -0.00466917 -0.03947062 -0.03923254 -0.05436729
  -0.0860815   0.1386589   0.01846055  0.0460086   0.01987458 -0.0053853
   0.05440622 -0.08642962  0.09448686  0.04337169  0.05749658 -0.04896547
   0.00875549  0.04765563  0.13144337  0.12535597  0.10231036 -0.00497855
   0.00130439 -0.06844534  0.10449157 -0.0662069   0.09913677 -0.05724999
  -0.08225109  0.0151221  -0.08917429  0.14592242  0.08373334 -0.02815305
  -0.02671875  0.04789678 -0.08693634  0.08142225  0.06335639  0.02117571
  -0.01392161 -0.08524284 -0.07514007  0.07726263  0.01147946  0.03218414
   0.11708246 -0.03038072 -0.06814206 -0.04335078 -0.07251558  0.0061975
  -0.0082403  -0.09142917  0.04026682 -0.08990012 -0.0441691   0.06756423
   0.04365804  0.20883715  0.03268404 -0.07806847  0.0424918  -0.0583715
  -0.08014914  0.05395187 -0.01275728  0.0095333  -0.09048332 -0.04461756
  -0.06332689 -0.04143869  0.02819004 -0.09656088  0.10088445 -0.01111646
   0.06943134  0.13181774 -0.055369   -0.07788911 -0.10123064 -0.0929336
   0.02845245  0.06265847]
 [-0.0855832   0.16851424  0.05518931 -0.08778175  0.0726169   0.04159576
  -0.05610269  0.10944608 -0.12232133  0.12374997 -0.03087763 -0.08977323
   0.05728603 -0.08261845  0.13022928 -0.05175274  0.09350691  0.11816562
   0.07634     0.05046034  0.07886589  0.07169507  0.12093104 -0.05405005
   0.10246395 -0.04935743  0.10721728  0.04140189  0.05266618  0.05377184
  -0.03477806  0.09588479  0.04854577  0.11903546 -0.07711206  0.12887883
   0.05947741  0.09711407 -0.00720959  0.12383506  0.06022372  0.05870672
  -0.07035159 -0.01359106  0.01753581  0.05673098  0.05757602 -0.05546435
  -0.0626427  -0.16301614  0.13474637  0.03037971 -0.07740361  0.0347668
  -0.05845768 -0.11936563 -0.01465755  0.09886649 -0.10993904  0.08722757
  -0.07316072  0.00638586 -0.08513658 -0.06220855  0.00581796 -0.01130693
  -0.07053217  0.08605648 -0.09227087 -0.07124177  0.09974426  0.06828652
  -0.10042773  0.01349539  0.11866795  0.06258373 -0.0774632  -0.04146567
  -0.03857801  0.06480368  0.06198759  0.03193415  0.08041702 -0.09499967
   0.014035    0.08976923  0.08316962 -0.07883244  0.02170585  0.04367164
  -0.05980863 -0.03763927  0.07157865 -0.11440863  0.05961289 -0.00772601
  -0.05180295  0.05935047 -0.07527345  0.12743701  0.04594465  0.05712209
  -0.08732206 -0.06761077  0.00456791 -0.01613923 -0.07892605  0.07484998
   0.05835706  0.06240213  0.03569491 -0.05769471  0.07011172  0.0693298
  -0.12392024 -0.08367542  0.09337232  0.06942251  0.07057648 -0.02088887
  -0.10401627 -0.03255088 -0.04867284  0.12452567 -0.09095355  0.03047404
   0.07911371  0.05841118]]

--- logits.bias | shape=(4,) ---
[-0.05930347  0.04526379 -0.0453129   0.03796221]
