
--- embed.weight | shape=(81, 128) ---
[[-0.44228953  1.6404198  -0.46802986 ...  0.61491376 -0.2713503
   0.6127481 ]
 [ 0.08325736 -0.02524129 -0.03712648 ... -0.68325675  0.7154957
   0.02293877]
 [ 1.4452902  -0.2726226  -1.8123304  ... -0.5128117  -1.0613226
  -0.22039427]
 ...
 [ 0.10900466  1.689812   -1.114126   ... -0.95878917  0.2294622
   0.00909558]
 [ 0.38845268 -0.80031216 -0.8590662  ... -0.26518407 -1.1073022
   0.49828878]
 [-1.715255   -0.05067712 -0.52575135 ...  2.0544553   0.35643405
   2.5461955 ]]

--- fc1.weight | shape=(128, 128) ---
[[-0.0481295  -0.00149054  0.09867727 ... -0.06707783  0.02433158
  -0.04986886]
 [-0.00535336  0.03377207  0.01049584 ...  0.03301187 -0.0275008
   0.01125425]
 [ 0.01902339 -0.01711647 -0.03375332 ...  0.03248665 -0.01181378
  -0.0801123 ]
 ...
 [-0.03062612 -0.01904959 -0.03489064 ...  0.02091642 -0.03593952
  -0.03783758]
 [ 0.04912664 -0.03370515  0.04011976 ... -0.11289354  0.07456798
   0.04727946]
 [-0.02293652  0.02119422 -0.00245393 ... -0.04894475 -0.06253053
  -0.10251205]]

--- fc1.bias | shape=(128,) ---
[ 1.61601737e-01  4.25341129e-02  2.35341713e-02  4.09381464e-02
 -6.72008097e-02  3.06767598e-02  2.68931910e-02  7.35474303e-02
 -5.62151754e-03  5.63336499e-02  1.57821968e-01  2.31782198e-02
 -2.38396991e-02  7.52689466e-02  6.83935955e-02 -3.86972688e-02
 -2.01419275e-02  2.53480542e-02  5.89500405e-02  9.72994119e-02
 -7.58193620e-03  1.12914756e-01 -3.08121145e-02  5.65557964e-02
 -7.34502003e-02  4.53434214e-02  8.13550502e-03  1.03451438e-01
  4.17208411e-02  1.09936893e-02 -1.05704283e-02 -7.05467956e-03
 -3.40557694e-02  6.83139041e-02  8.09106603e-02  3.94083858e-02
 -4.98669781e-02  4.21579480e-02  9.27914381e-02  5.59341535e-02
  5.11356778e-02 -9.72225610e-03  3.99531759e-02  6.68873340e-02
  8.86508152e-02  3.72947194e-02  8.88030678e-02  1.20093592e-01
 -5.78899160e-02 -4.26419750e-02  1.17281182e-02  3.50350775e-02
  7.51852244e-02  9.88007858e-02 -7.52747580e-02  4.71229404e-02
  8.44080821e-02  6.58471584e-02 -9.35651585e-02 -9.18756425e-03
  1.43509343e-01  5.32887354e-02 -3.69448811e-02  4.49493378e-02
  3.92810591e-02  1.80326588e-02  5.12947775e-02  9.13612768e-02
  1.30668312e-01 -1.43815633e-02 -3.00945919e-02  1.93085037e-02
 -6.94690123e-02 -4.17575762e-02 -1.16033293e-03  4.17686533e-03
 -2.56459117e-02  8.15835223e-02 -3.50415595e-02  7.21582100e-02
 -1.50681799e-02  3.70987765e-02  2.84852423e-02 -7.94057082e-03
  1.64435744e-01 -8.67285766e-03  5.78849353e-02  3.35750841e-02
 -7.43491249e-03  1.35881990e-01 -7.50623196e-02  5.05814701e-02
 -4.23412137e-02  4.36029222e-05  1.17829777e-01 -5.08117974e-02
 -5.57378791e-02 -7.23752007e-03  1.25027031e-01  1.07788049e-01
 -6.50687441e-02 -6.67561144e-02  2.34941896e-02  1.12202190e-01
  3.62054519e-02 -2.18003076e-02  1.96686760e-01 -4.12769206e-02
  1.49903610e-01 -3.71671468e-02 -1.12853199e-02  1.37694687e-01
  3.85365672e-02  7.57408366e-02 -6.63140491e-02  2.65833344e-02
 -2.09460910e-02  1.68388948e-01  3.92516553e-02 -6.47865683e-02
 -4.64248052e-03  1.17696002e-01  8.84160325e-02 -3.49571090e-03
  7.91094378e-02  2.30694357e-02 -7.19583407e-02 -3.21031511e-02]

--- logits.weight | shape=(4, 128) ---
[[ 0.14515287  0.13673615 -0.05829456  0.12646817 -0.09125429 -0.01215854
   0.07714089  0.08365523  0.02987775  0.06312048  0.09911878  0.16135761
   0.07668212  0.03739429 -0.01106125  0.07853061 -0.05941045  0.11050652
  -0.00630125  0.17874932 -0.03707426  0.1556644   0.00437978 -0.01069224
  -0.13860135  0.12937143 -0.00752213  0.08857732  0.0888333   0.05946772
   0.08421609  0.11937186 -0.05617029  0.00627797  0.07325447  0.05138578
   0.03644256  0.16303138  0.09985947  0.01902896 -0.08105429 -0.03952548
   0.07016806 -0.1037035   0.13830408 -0.02961778  0.08252725 -0.06291523
  -0.08210491  0.04116022  0.0691832  -0.01033729  0.03785475  0.167897
  -0.02834562 -0.14768508 -0.10013567  0.08775403 -0.04374594 -0.12133053
   0.14792678  0.04299288  0.07300217  0.16124485  0.11241625  0.09939868
   0.07929965  0.09639072  0.11715779 -0.12042474 -0.06175876  0.06663223
  -0.11604574 -0.07083386 -0.0570525  -0.02791087  0.03956147 -0.05573868
   0.03143261  0.12430964 -0.05099639 -0.08254961  0.10316163  0.00022333
   0.07303771  0.01587256  0.08350723 -0.03189046  0.06103696  0.08469405
  -0.1064987  -0.09054136  0.0421464   0.01808222  0.07581409  0.08093578
  -0.02105858  0.0994767   0.04362593  0.17817253  0.03688189 -0.0512623
  -0.05317996  0.14741783  0.16684797 -0.05828775  0.05724943 -0.0885336
   0.1408359   0.02013759 -0.03159635  0.18062085  0.17586896  0.04928721
   0.0519474   0.09125336 -0.06715076  0.09889384  0.12548862 -0.02625537
  -0.04587518  0.11933051  0.08190398 -0.08711854 -0.02412808  0.02091386
  -0.03605798 -0.06923998]
 [-0.1075078   0.04448014 -0.07712276 -0.14709081  0.03460879  0.07823154
  -0.01398054  0.04097558  0.01961239 -0.0140648   0.00172406 -0.05350847
  -0.04931244  0.04613071 -0.00279524  0.02769019  0.03963223  0.08798542
   0.03419815 -0.00580164  0.08681264  0.02578679 -0.09400244  0.00701058
   0.02733011 -0.08774342  0.12287425 -0.07483923 -0.12970006 -0.01401964
  -0.1242538  -0.13428582  0.02966057  0.11232052  0.08709211  0.04634577
   0.09723528 -0.12875858  0.10107262 -0.03714351  0.03495548  0.00535196
   0.08171837  0.10842925 -0.05702728  0.06664135  0.05749518  0.12041406
   0.02161072  0.08259743 -0.0304341   0.05662133 -0.12990378  0.0109033
   0.02705252  0.06092677  0.1235248  -0.13033244 -0.08910321  0.01965355
   0.04990248  0.00961993 -0.07739718 -0.07117116 -0.0761979  -0.05810511
  -0.10593191 -0.09166636 -0.13151255  0.11389495  0.05936449 -0.04376559
  -0.01546282  0.05373312 -0.02611135 -0.03030267 -0.11512627  0.13659848
  -0.11477551  0.01696156 -0.06586716  0.00051255  0.02011987  0.0877499
   0.12719828  0.12301885 -0.12333208  0.04463211 -0.07819763  0.04912762
  -0.0146041  -0.01845259 -0.0336785   0.00029298  0.04864898  0.06152587
   0.03057797 -0.06917346  0.10056888 -0.07814912 -0.01849127  0.07285446
   0.10351535 -0.08228477 -0.00321436 -0.06910864 -0.02542837  0.10460736
  -0.0077156  -0.12140773 -0.10449167 -0.02169256 -0.09929024 -0.03799885
   0.04347752 -0.09082865  0.05744615  0.03450133 -0.05135863  0.0934526
   0.02627397 -0.02080312 -0.03527133 -0.02662636  0.15622269  0.04583193
   0.0375904   0.02916786]
 [-0.12501422 -0.00316347  0.06689313 -0.08715255  0.12377555 -0.0658668
   0.09123395 -0.06915436 -0.07932672 -0.06841893 -0.05875443 -0.00854154
   0.11197297 -0.08628932  0.11843367 -0.04088166 -0.08880673 -0.08665102
  -0.11747333 -0.14133894 -0.05788385 -0.02002092 -0.00463343  0.03257319
   0.11434837 -0.07229459 -0.10549662 -0.09926105  0.13107894  0.08379804
  -0.08765374  0.00319935 -0.0464285  -0.05438961 -0.0153661   0.06489692
  -0.00475237 -0.05114593 -0.08260138  0.0473262  -0.07416534 -0.05290281
  -0.04075131 -0.07724938 -0.07352725 -0.02593094 -0.05399743 -0.06198483
   0.05708991 -0.13617685 -0.03925455 -0.10836256  0.03251157 -0.06187213
   0.06271574  0.1410609  -0.01193145 -0.02899941  0.11967269  0.03322249
  -0.1453681  -0.07122265 -0.00889382  0.00977746 -0.10435174 -0.11222132
  -0.02807244 -0.06383721  0.07397974 -0.13420698 -0.07847482 -0.09353082
   0.05478467 -0.03466645 -0.00716881 -0.0817019   0.06768566 -0.01855485
   0.04221936 -0.12513828 -0.01418273 -0.09961913 -0.0334409   0.01808534
  -0.03388346 -0.10506956 -0.08928883 -0.08304906 -0.07854255 -0.05075021
  -0.02711785  0.094033    0.04832708 -0.06509854 -0.05695285 -0.10247143
  -0.00722631 -0.09468862 -0.0557881  -0.0439573   0.00306863  0.01362949
   0.07183317 -0.09356813 -0.122442    0.03409044 -0.13250545  0.05997212
  -0.10011841  0.08694915  0.10706609  0.03289342  0.05522835  0.06440014
  -0.1137913   0.03698618  0.04119896 -0.08312052 -0.07362209 -0.089676
   0.04617125 -0.05498492 -0.05224092 -0.05732857 -0.00648059 -0.03079662
   0.00778428 -0.10420265]
 [-0.13141797 -0.04583744 -0.01542304 -0.02659031 -0.11102267  0.05259626
   0.02662118 -0.08599053 -0.05616895  0.03221378 -0.13368478 -0.02514179
   0.01459377 -0.03555264 -0.08050363  0.05345821 -0.08974906  0.00064529
  -0.12026712 -0.11345769  0.01112682 -0.08429895 -0.06195499 -0.06104263
  -0.0298284   0.02477302 -0.12203008 -0.05241967  0.02474024 -0.03852383
  -0.05621894 -0.04784486 -0.08279446 -0.09139021 -0.11910784  0.0348742
   0.06234872 -0.14369492 -0.11228879 -0.10549346 -0.05201305 -0.0004104
   0.04826225 -0.04105357 -0.11225295 -0.05689251 -0.13679688 -0.03754846
  -0.00167972 -0.03993846  0.04706513  0.02722139 -0.08770511  0.0601094
  -0.04424676 -0.0517824  -0.01493194 -0.00084641 -0.02944812 -0.10993934
  -0.12258853 -0.12325747 -0.01352144 -0.01918577 -0.02433019  0.05393836
  -0.16025801 -0.09581991  0.00855581 -0.07449622  0.00770514 -0.05793326
  -0.00965193 -0.11515056 -0.08743559  0.00990354 -0.00609775 -0.06345323
  -0.03762116 -0.10002837 -0.08679579 -0.03980723  0.05848447 -0.02948484
  -0.07330668 -0.11225022 -0.03334625 -0.04585615 -0.05803669 -0.1384157
   0.0352999   0.03241333 -0.02098692 -0.1251388  -0.08333979 -0.08246723
  -0.12674597 -0.08118616 -0.1518567  -0.01572661 -0.07822304 -0.07873563
  -0.05615136 -0.01804155 -0.08698208  0.0277341  -0.11002403  0.01668568
  -0.05923797 -0.11866354 -0.11502613 -0.08182419 -0.14025047 -0.09860571
   0.01361945 -0.10763909  0.02603099 -0.09447726  0.02832305 -0.02886097
  -0.02074246 -0.06340515  0.05723352  0.08197228  0.02983873 -0.12305497
  -0.10552111  0.0125703 ]]

--- logits.bias | shape=(4,) ---
[ 0.14858592 -0.01200692 -0.1263551  -0.09025677]
