
--- embed.weight | shape=(1, 128) ---
[[-1.1390086e+00 -1.1291960e+00 -2.8361425e-01 -4.4428092e-01
   8.1011671e-01  7.0296466e-01 -3.1679624e-01 -2.0881124e+00
   3.1392598e-01 -1.2528890e+00  3.2940605e-01  2.9990673e-01
   1.3593593e-01  1.2608696e+00  1.0903416e+00 -2.4542695e-01
  -1.3726704e+00 -1.6673006e+00  5.5641329e-01  7.4573284e-01
   6.2927026e-01 -1.5704405e+00 -3.2431731e-01  1.8678930e+00
   7.3248881e-01 -5.8116734e-01 -2.4600931e-01  1.8353599e-01
   1.3867645e+00  1.6536821e+00  9.1667581e-01 -8.1985974e-01
  -5.8815891e-01  2.7898215e-02 -5.0910664e-01  2.4835461e-01
   4.7735348e-01  1.2989779e-01  6.4276201e-01  4.3006855e-01
  -5.4779854e-02  7.7232486e-01 -2.9750270e-01  5.1234856e-02
   5.1476860e-01  2.3169947e+00 -1.4494927e+00 -1.5429919e+00
  -6.6444445e-01  8.5722828e-01  1.0564650e+00  2.1934046e-01
  -2.1839218e-01 -4.0663081e-01  5.4304779e-01 -3.9192975e-01
  -4.6610841e-01  7.2082758e-01  1.5250734e+00  3.4091675e+00
  -1.5746474e+00 -1.2715117e+00  1.8204435e+00 -5.6848943e-01
  -5.7218337e-01  9.0223914e-01  1.0781959e+00  1.3124245e+00
  -1.4511448e+00  2.5323527e+00 -4.1606975e-01  3.0774155e-01
  -1.5981712e+00 -5.7877743e-01 -5.1947147e-01 -5.8329183e-01
  -1.0134071e+00  1.1006709e+00 -1.3847339e-01  8.0262184e-01
  -5.9772324e-02  6.9373363e-01 -8.2159072e-01  1.0098853e-02
   8.0290872e-01 -3.9963499e-01  1.0591967e+00  3.7324610e-01
  -2.8006774e-01  2.2873847e+00 -1.8626200e+00 -2.9595211e-02
  -1.0483104e+00 -9.5060343e-01 -7.2167687e-02  7.5830883e-01
   1.6394782e+00 -1.3495698e+00  3.2625601e-01  5.3501493e-01
  -2.6396000e+00 -1.6593060e+00 -2.5281346e-01  2.7006063e-01
   1.9352856e-01  4.5005460e-03  3.0577639e-01  4.9968776e-01
   5.0673062e-01 -8.4123832e-01  8.2225835e-01 -9.7308707e-01
  -2.2832525e-01 -2.4371588e+00 -1.3248079e-01 -9.2290272e-04
   9.4712228e-01  3.1781417e-01 -9.3754959e-01 -5.7363063e-02
  -6.0445476e-01 -4.2097023e-01  1.9588064e+00 -3.8654736e-01
   1.4176854e-01  1.1419027e+00  9.3422264e-01  1.4006032e+00]]

--- fc1.weight | shape=(128, 128) ---
[[-0.02491569 -0.06643952 -0.01279604 ... -0.03184313 -0.05848111
  -0.03869491]
 [-0.17975205 -0.05220455 -0.13687885 ...  0.06964786  0.13103475
   0.17139386]
 [ 0.03606559  0.09518624  0.05269623 ...  0.0227486  -0.03226463
   0.04781612]
 ...
 [-0.02481065 -0.02893725  0.03054502 ...  0.06799233  0.04487946
   0.07055748]
 [-0.00548982  0.00517368 -0.06209733 ... -0.08214503  0.07291052
   0.06292699]
 [-0.01963282  0.04789322  0.03969783 ...  0.00087152  0.01427651
  -0.08558849]]

--- fc1.bias | shape=(128,) ---
[-0.06394219  0.00856055  0.05878025  0.06555486 -0.0450932   0.09856454
  0.04598068 -0.02265421 -0.01191992  0.00801969 -0.06837067 -0.03293415
  0.04082743  0.04298349 -0.00935673  0.06140896  0.03662603 -0.03330659
 -0.07297567  0.0511362  -0.01092098  0.03350426  0.00573409 -0.0194147
  0.03705385 -0.06803134 -0.01038965  0.02333    -0.06226674  0.06450792
 -0.01164486 -0.06410819  0.025911   -0.05974414 -0.06361762  0.00029606
  0.10110974  0.07638106 -0.00626323  0.07394611  0.06137687 -0.02376655
 -0.00526139 -0.09336373 -0.04036428  0.05636098 -0.00710663 -0.02127628
 -0.05227078  0.0260765   0.07100911 -0.05479569  0.04266844 -0.05655969
  0.04936314 -0.00030041 -0.03971682  0.04679408 -0.07567553  0.03602426
 -0.01027349 -0.05346606 -0.06435301 -0.04986869  0.00013105  0.03780536
 -0.0263054  -0.02300888 -0.04441264  0.00507709  0.05249722 -0.00647463
 -0.06705351 -0.02148172 -0.0673627   0.03517788 -0.06042101  0.03230531
 -0.00565688  0.07170971 -0.05271226 -0.06755118  0.00567732  0.07658803
 -0.08221627 -0.05995661  0.06550705  0.06881347  0.05442085  0.05231448
  0.03621536  0.06938625  0.0183323  -0.06054901 -0.05626387  0.02142561
 -0.01529653  0.07996456  0.08711972  0.0672876  -0.05526402 -0.03576292
  0.0687051   0.01333997  0.07590181  0.05246238 -0.08425195  0.01731371
  0.01827653  0.00399788  0.0507394  -0.06314362  0.08271352  0.06982071
 -0.00277719  0.06672038  0.00825987 -0.03849724  0.01188683  0.07407341
 -0.01557527  0.02574416 -0.01861253  0.05227643  0.00529467 -0.02496042
 -0.04356942  0.06810679]

--- logits.weight | shape=(3, 128) ---
[[ 0.0797406   0.16429204 -0.01175514  0.05161819  0.07619382  0.05286217
  -0.06152068  0.02564909  0.03087184 -0.05710747 -0.03031429 -0.01888221
  -0.06558891  0.0478752   0.06988452  0.07737442  0.03263044  0.03445122
  -0.03411264  0.00222897  0.06642418  0.03229321  0.03377697  0.08405722
   0.01038761 -0.02974014  0.07978343 -0.08105391 -0.0099272   0.01011297
   0.0024421  -0.07312605 -0.0388543   0.07168173 -0.01283961  0.02654973
   0.15126416  0.02723496  0.05586858  0.03024139 -0.01558995 -0.01432518
  -0.05220787  0.04329763  0.0789678   0.08065974 -0.05201535  0.02938647
   0.00426624 -0.0133691   0.07440371  0.04182152 -0.07443686  0.01043568
   0.07515271 -0.00304947  0.01553407  0.03275669  0.04347376  0.00290953
   0.00812308 -0.03966679  0.03779288 -0.07434214  0.03806042 -0.07781255
   0.02867232  0.04642347 -0.0490341  -0.02621715 -0.03578401 -0.03792804
  -0.01336603 -0.05103799 -0.06324178 -0.01677078  0.0320137   0.02045004
   0.01236314  0.00600059  0.00984504  0.00149617  0.04360587  0.11314421
   0.03294999  0.01599693  0.01636681  0.0134314   0.06742553 -0.02216635
   0.00024814 -0.02905422  0.04369119  0.0340874   0.00611047  0.02526699
  -0.04348148  0.01663961  0.07217593 -0.04843439  0.03986926 -0.00933808
   0.03769881  0.0168411   0.03098188  0.04939965  0.03644428  0.01140771
   0.08361267  0.01864324  0.00448465 -0.07889261 -0.06709377 -0.08521406
   0.06138602  0.01843351 -0.01343829 -0.03604824  0.06523958 -0.00627996
  -0.04449752  0.07145672  0.07288855  0.05488462  0.02531064 -0.0318341
  -0.0832447  -0.04010928]
 [-0.0066227  -0.14480726 -0.02938814 -0.0322371   0.08031023 -0.05179991
   0.09420156 -0.12467451  0.01035407 -0.05968451 -0.02911432 -0.03608501
  -0.08235193 -0.05828882 -0.05196616 -0.01538271 -0.02177787 -0.08155955
   0.01182409  0.06327126  0.01507975  0.08253531 -0.00568388  0.07037442
  -0.00571429  0.01469361  0.01484581 -0.01316889 -0.03454837  0.02906754
  -0.04061801  0.03052974 -0.07073331  0.00325221 -0.00693645 -0.03956753
  -0.01102307 -0.06377321  0.06121227 -0.07935681  0.07684763  0.08355748
  -0.02066069 -0.00157262 -0.00403578  0.05078984  0.00534177 -0.00887375
   0.06084293  0.03147042 -0.00585239 -0.04513271  0.05073831 -0.0319523
  -0.04406916 -0.05487937  0.00576445 -0.03041621  0.05930952  0.06879787
  -0.03171899 -0.03500605  0.06406365 -0.0453907   0.05597132 -0.00544923
   0.0556774   0.04483613 -0.03821342 -0.04280727  0.03449513 -0.0243235
   0.02934323  0.04183272 -0.07144853 -0.00481205  0.03477725  0.00346881
  -0.0553567   0.0770917   0.09805836  0.02895338 -0.05359101 -0.02212802
   0.04529462 -0.05180632 -0.06407129 -0.03064188  0.08345427  0.03520704
   0.00670337  0.03643793 -0.04365447 -0.02795215  0.02253239  0.04297829
   0.00803722  0.01973782 -0.07354145 -0.08269199  0.01850863  0.01882956
   0.06489091  0.0201983   0.07944282 -0.01683039 -0.02414782  0.01015324
  -0.0408267  -0.03456948 -0.05219819  0.01001725 -0.00603546  0.02742219
   0.05798334  0.03818655  0.02268677 -0.05772979 -0.10861994 -0.02681629
  -0.07470172  0.00984619  0.08397626  0.05870066  0.06963963 -0.02793723
  -0.03639763 -0.00677497]
 [-0.0338247  -0.10121378 -0.06363026  0.00466875 -0.05240693 -0.18025587
   0.06760059 -0.10542607 -0.035443    0.04286144 -0.0452395   0.04102775
  -0.06324762  0.00676567  0.03900896 -0.02748294 -0.05388027  0.01732752
  -0.0283853   0.060936   -0.000965    0.05304721 -0.02641774 -0.03444101
   0.0002537   0.03516961  0.07144312  0.02634345 -0.026943    0.01382081
   0.06645817  0.07050929  0.06345629  0.02950823 -0.00402422  0.06047953
   0.00665173 -0.06855856  0.0736737  -0.0064702   0.06766467  0.05238476
  -0.00557207 -0.06622268 -0.07124466 -0.04238663  0.03682026  0.00626475
  -0.00162286 -0.07653538  0.04866297 -0.02189211  0.04638957 -0.06270204
   0.00752301  0.0447676   0.02620434 -0.08067104  0.07438121 -0.05872491
  -0.07543597 -0.06128459 -0.08374362  0.0322711   0.06661587  0.07107537
   0.01845402 -0.02371484  0.00293275  0.01416297 -0.07532804 -0.01426471
   0.00711939  0.05513117  0.05320165 -0.0249424  -0.01107     0.05630051
   0.08027297 -0.04527313  0.07017127 -0.00734245 -0.03945164 -0.01819711
   0.0560946  -0.03862197  0.00308796 -0.04486614 -0.00221281  0.04520169
  -0.03545436 -0.02684867  0.03052379  0.0416123   0.0004841  -0.02403431
  -0.02194645  0.02686576  0.07869119  0.03983756  0.01434291  0.01600278
   0.03708542 -0.00416993 -0.0594093  -0.04179458  0.03097875  0.01854994
  -0.04496061 -0.05247084  0.03870083 -0.01598406  0.0538348   0.02351864
   0.00742205 -0.00342881 -0.03046969  0.0223567  -0.08369577 -0.03112617
  -0.06369466 -0.00957378 -0.04783803 -0.03260018 -0.02858256  0.02514722
   0.04897166  0.04536849]]

--- logits.bias | shape=(3,) ---
[ 0.07067931  0.0474988  -0.06305894]
