
--- embed.weight | shape=(1, 128) ---
[[ 0.47762704  0.8908288  -0.13587813 -1.2068347   1.8662721  -1.9156115
  -0.24924806 -0.09404258  1.2612275  -1.1136432   0.3090081  -1.4048891
   0.5625069   0.7229027   1.9009435   1.7310284   0.07042865 -0.83827364
   0.24076465 -0.55949247 -0.07020847 -1.9129213  -2.0169392  -0.9478021
  -0.5538233  -0.75568634  0.6011803   0.27731118 -0.2776063  -0.04792496
   0.31696886  0.5106446  -1.8706231  -0.56017977  0.45932174 -0.46058333
   0.11952257  1.1268698  -0.69297636  0.52940196  0.58525425 -0.12902178
  -1.1589478   0.34384224  1.7756181   0.13290909  0.13122791 -0.30647177
  -0.2029231   1.0000817  -0.25010195 -2.3627114  -0.5072404   0.02145511
  -0.7006749  -0.23624809 -0.28622192  0.03469245 -2.083309    0.07700559
   0.38987455  0.3955256  -3.259614    0.7652351   0.40355843 -0.11660703
   0.24825864 -1.0850718   0.31419754 -1.3150058   1.8921846   0.12481843
  -0.72218746 -0.66915685 -2.1434467   0.50373024  0.99153537  0.28935346
  -0.18611917  0.3624364  -0.16824353 -0.65838987 -0.57627326  0.4511488
  -0.8474351  -1.2566948   0.5463092   0.07376936  0.3982883   0.76541865
  -1.4961007  -0.0238499  -0.69523096  0.51409173 -0.8606969   0.41179368
   1.232915    1.0350236   0.6748283  -0.07664052  0.9984367  -0.6879956
   1.5495089  -0.21337384 -1.2494038   0.49297717 -1.3185195   0.24182932
   0.50661474 -0.15274626  0.7655416  -0.32452366 -0.18387346 -0.559096
  -0.69082856 -0.7142336   0.86287415  0.80006063 -0.97769266 -0.25253335
   2.637714   -0.9387417  -0.15492298  1.9139237   0.94335985 -0.95519793
   1.3363011   0.09732609]]

--- fc1.weight | shape=(128, 128) ---
[[ 0.04174523 -0.00942418 -0.06232005 ... -0.01478993 -0.02479828
   0.03991282]
 [-0.04693013 -0.08094204 -0.08611529 ...  0.01707344 -0.06861299
   0.012355  ]
 [ 0.03576748  0.01400231  0.0137145  ... -0.08797668  0.06114052
   0.0618855 ]
 ...
 [ 0.0548063  -0.01378318  0.0292     ... -0.02227763 -0.07551933
   0.05344848]
 [-0.03273838 -0.02645556  0.03663336 ... -0.02746509 -0.08667057
  -0.01188543]
 [ 0.04012868  0.06377562  0.02340927 ...  0.02871262 -0.06003262
  -0.09047844]]

--- fc1.bias | shape=(128,) ---
[ 0.02145236 -0.06827787 -0.04483667 -0.05091264  0.02426925  0.01145997
 -0.06893738 -0.03068913  0.00917384 -0.0567443   0.01442959 -0.08340606
 -0.0660005   0.01211321 -0.02476766 -0.07408141 -0.09855202 -0.00261912
  0.03011626 -0.06527768  0.01986875 -0.06918102 -0.03087624  0.03540863
  0.01996598  0.05552074  0.0762516   0.11277339  0.05053751  0.04685297
 -0.06188066  0.05999867  0.05566271 -0.01506393 -0.04436384  0.03385209
 -0.01799218 -0.05460007 -0.05755913  0.04659647  0.07154422  0.00915173
  0.06946658 -0.09793084 -0.05718972  0.07929081  0.02559008  0.02177963
 -0.01098654 -0.08320354  0.08747799 -0.04528794  0.0722202   0.05802552
 -0.00279714  0.04695977 -0.03691274 -0.04535353 -0.08837924 -0.02599813
  0.05936252 -0.07626725 -0.0468662   0.0254217  -0.09827478  0.0249714
  0.03087143  0.05844908 -0.05055957  0.03851964 -0.04021798  0.05836148
 -0.00546457 -0.05036154 -0.07093619  0.0356607   0.03519535  0.08996963
  0.03069654  0.00849589  0.08138169 -0.03957688  0.04671459  0.07743622
  0.00070149  0.01550557 -0.00189046  0.04525542  0.07355765  0.03875836
 -0.0551802   0.02797924 -0.09968887 -0.0245571   0.02299446  0.01478224
 -0.08180957  0.0056262  -0.06562985 -0.08745336  0.0594261   0.00379097
 -0.10111818 -0.01993833 -0.08590996 -0.07208379 -0.06899296  0.01449735
 -0.008196   -0.02292383  0.02729443 -0.04813076 -0.02932271  0.02760978
 -0.05233104 -0.00062364 -0.07116096 -0.05392315 -0.0084822   0.04786157
 -0.07244351 -0.08164965 -0.02641368  0.01491889  0.03123484  0.03067808
 -0.00921106 -0.09678947]

--- logits.weight | shape=(3, 128) ---
[[ 6.78789336e-03 -1.14508122e-02 -3.43657285e-02  8.04284215e-03
  -8.24788809e-02 -7.27092400e-02  6.09937236e-02 -2.10490599e-02
  -1.73777137e-02  3.46889347e-03 -5.82063049e-02 -1.93683803e-03
   5.12401499e-02  2.29166057e-02 -7.66060278e-02  2.76201814e-02
   4.74514477e-02  5.22299297e-02 -2.67612487e-02 -2.87518948e-02
  -5.72235361e-02  2.88917720e-02  6.15448579e-02 -4.77987342e-02
   3.67682204e-02  2.60412581e-02 -1.28360582e-03  1.72691066e-02
  -6.76721334e-03 -2.77960096e-02 -6.03348464e-02  7.21014068e-02
   3.99947017e-02  7.47702196e-02 -4.27821539e-02 -1.14997849e-02
   2.59711891e-02 -8.50633681e-02 -8.14242736e-02 -3.82426679e-02
  -5.47810383e-02  8.34818408e-02  7.07974359e-02 -4.89576422e-02
  -7.89382234e-02 -8.21480006e-02 -5.90126216e-03 -6.65689260e-02
  -4.34815660e-02  3.07096168e-02 -3.43372896e-02 -4.22122180e-02
  -2.10089721e-02  7.49931112e-02  4.71868142e-02  7.65765365e-03
   3.19073610e-02 -1.77401900e-02 -2.22606137e-02 -5.34123965e-02
  -6.28757924e-02 -2.46113297e-02  6.82781413e-02  3.59875187e-02
   7.78612867e-02 -8.46162364e-02 -6.89854473e-02 -1.67677924e-01
   1.72930956e-03  9.56961792e-03  5.07558212e-02 -8.61757770e-02
  -5.47982343e-02  4.60736603e-02 -1.28174797e-02 -6.93156943e-02
  -6.52902052e-02  3.18732522e-02 -1.12036215e-02  5.94699904e-02
  -7.69634023e-02  4.00005002e-03  3.14741693e-02 -6.93957880e-02
   1.99686810e-02 -6.50612712e-02 -8.57128650e-02 -3.83503572e-03
   5.49965426e-02  3.46690416e-04 -2.88580023e-02  4.76171151e-02
   6.29472435e-02 -1.21098924e-02  4.29145768e-02 -4.74750958e-02
  -7.37011805e-02  1.27903139e-02 -3.59691046e-02  5.29936366e-02
  -2.46039145e-02 -1.40060484e-02 -4.96796370e-02 -1.28821284e-02
   8.56942497e-03  4.55067046e-02 -4.73927073e-02 -2.57868581e-02
  -5.99844754e-02 -8.75133276e-03 -2.35951766e-02  3.65343839e-02
   4.43191081e-03  3.75761427e-02  2.97128502e-02 -8.63045827e-02
   1.54240709e-02 -1.92578211e-02 -9.07519553e-03  1.55684352e-03
   6.83783963e-02 -1.66894570e-02 -8.52732807e-02  1.58887506e-02
  -2.96595506e-02  7.51086324e-03 -6.57129884e-02 -3.28099057e-02]
 [ 1.59319714e-02  8.78326967e-02 -1.15022145e-01  5.37633672e-02
   2.95354575e-02 -6.59046695e-02  8.62572417e-02 -4.33038957e-02
  -3.12243719e-02  1.89148709e-02  3.20863537e-02 -1.66091248e-02
   7.04045221e-02 -2.00626925e-02 -5.38804829e-02 -5.78644946e-02
  -1.24041559e-02 -5.81479855e-02  4.46516350e-02 -6.81215376e-02
   1.52313858e-02 -1.37640508e-02  7.20415041e-02  4.03931290e-02
   1.79260969e-05 -1.91454031e-02 -1.72765981e-02 -6.14198074e-02
   5.72503991e-02 -3.02365068e-02  8.48143622e-02 -7.92568326e-02
   2.96751130e-02 -3.84077393e-02  6.48519620e-02 -3.65858525e-03
  -9.66681819e-03  5.79962507e-02 -2.26883292e-02 -7.74979666e-02
   6.39411584e-02  2.04037130e-02 -5.05216420e-03 -3.38077396e-02
   2.52988115e-02  4.95220050e-02 -5.41134439e-02 -3.37383933e-02
   2.35592425e-02 -5.44583201e-02  7.35141709e-02  8.01841840e-02
  -1.26645798e-02  7.82499313e-02 -5.78882098e-02  1.72004681e-02
  -8.14543441e-02  3.62580270e-02  5.92368320e-02 -8.65559578e-02
  -9.00673345e-02  3.80413570e-02  3.19883749e-02 -5.44708334e-02
  -3.14392410e-02 -5.95461652e-02  1.03838984e-02 -8.60669315e-02
   4.80748489e-02 -2.49211676e-02  7.90965483e-02 -2.73416769e-02
  -5.05571477e-02 -9.89651401e-03  7.37396255e-02  4.19370756e-02
  -1.58435795e-02 -8.51870775e-02 -1.26241613e-02  7.57951885e-02
   1.95619985e-02  5.78652434e-02  4.49440330e-02  6.84164464e-03
  -6.53323978e-02  7.04913810e-02  9.00737941e-03  2.49608904e-02
  -5.49898446e-02  2.25691199e-02 -1.02027459e-02 -6.81217015e-02
   7.06543848e-02 -4.33262959e-02 -5.16387708e-02 -6.64976835e-02
   8.72673914e-02  6.94508180e-02  7.07023591e-02  7.57559091e-02
  -4.39675376e-02 -8.46925080e-02  5.38924672e-02 -7.07118437e-02
  -1.19265728e-02 -2.62847953e-02 -3.17759514e-02 -3.89425084e-02
  -2.37083472e-02  5.89176193e-02  8.63961056e-02  2.77305096e-02
  -6.88129291e-02 -3.80080789e-02 -3.46132554e-02  2.75431424e-02
  -5.60768247e-02  8.44748095e-02 -2.84720249e-02 -5.22319041e-02
  -8.28251913e-02 -6.86397776e-02  2.59695724e-02 -4.90084700e-02
  -4.44145314e-02  1.65353119e-02  7.70998672e-02  2.75194105e-02]
 [ 6.64105564e-02  1.72830969e-02  5.19836433e-02  2.57137492e-02
   4.04687300e-02 -5.40117845e-02  7.78362155e-05  6.71185181e-02
  -3.59746888e-02  6.25098124e-02  6.02516010e-02 -3.75468656e-02
   6.10595569e-02  7.10480437e-02  1.58697851e-02 -2.72982083e-02
   1.61337887e-03  3.23806107e-02 -7.36399144e-02  1.62519962e-02
  -6.64923638e-02  2.16768607e-02  5.05381003e-02  6.50758371e-02
   7.19925836e-02 -5.68153411e-02  7.61311799e-02  1.54208243e-01
  -5.62377684e-02  7.73203298e-02 -6.55889809e-02  6.29427955e-02
   3.72838527e-02 -6.70349747e-02  1.51616652e-02 -4.58220951e-02
  -6.57800213e-02  2.97641009e-02 -3.68855894e-02 -4.91348282e-02
   4.55095544e-02 -2.30115503e-02  3.94402817e-02 -4.00747135e-02
  -4.28406782e-02  4.62709293e-02  4.57002744e-02 -6.02801144e-02
   1.63607690e-02  3.78600433e-02 -2.74641626e-02 -4.36318815e-02
   6.31785691e-02  6.50251210e-02  2.25003585e-02  5.56725524e-02
   1.81262661e-02 -1.57120600e-02  8.70782807e-02  5.09623215e-02
   1.00626484e-01 -5.19917570e-02 -4.55887355e-02  2.16957852e-02
  -2.14335248e-02  8.42209980e-02 -1.11292051e-02  9.94099081e-02
  -5.75348809e-02 -6.44126832e-02  6.94171861e-02  7.88131282e-02
   3.92703488e-02 -1.20736714e-02  1.37619674e-04 -4.14768085e-02
   6.71250373e-02  1.53816119e-01  2.17965487e-02  4.93628718e-02
   8.36888328e-02 -5.94196171e-02 -2.22638920e-02 -4.37785722e-02
  -4.07069735e-02  1.03878397e-02  8.28148201e-02  4.63953316e-02
  -2.49520689e-02 -8.63953382e-02  1.15744844e-02  6.17714301e-02
   6.54094890e-02 -1.95719805e-02  5.64208403e-02 -7.25449175e-02
   1.77972019e-04 -8.00717622e-02 -3.47692706e-02 -3.90710980e-02
  -7.90540054e-02 -4.45685945e-02  5.40947355e-02 -4.35285568e-02
   6.46830536e-04 -3.85440812e-02  1.84896514e-02  4.84561175e-02
   1.09825954e-02  4.95668724e-02 -1.92922875e-02  3.19583416e-02
  -2.34906003e-02  5.32960780e-02  2.72642691e-02  2.95542255e-02
  -1.74076892e-02  2.93888152e-02  5.28119458e-03  7.93074891e-02
   3.99459824e-02  4.71889153e-02  2.14702189e-02  2.84284353e-02
  -4.68671620e-02  4.60327640e-02  1.74890980e-02 -2.21224725e-02]]

--- logits.bias | shape=(3,) ---
[-0.0191046  -0.01299532  0.14385335]
