
--- embed.weight | shape=(81, 128) ---
[[-1.3794651   1.039963   -0.17134099 ... -0.10088044  0.69262713
   0.86729425]
 [ 1.5959108   0.22072025  0.99903727 ... -0.3822561   0.985349
   1.7117178 ]
 [ 0.11145544  1.6692184   0.38259196 ... -1.0196346  -2.6332736
   0.28329247]
 ...
 [-1.2640191   1.4081581   0.23827846 ...  0.9295456   0.24146073
  -2.270265  ]
 [-1.99741    -0.15132287  0.18879099 ... -1.0245768  -1.408706
  -0.19834423]
 [-2.9039588  -0.17673936  0.53823906 ...  0.67080325  0.19832075
  -0.22262727]]

--- fc1.weight | shape=(128, 128) ---
[[ 0.04068112  0.01572991 -0.06559502 ...  0.00608375 -0.06217523
  -0.0209159 ]
 [ 0.07013244 -0.11449273 -0.06834666 ... -0.0275128   0.02313955
  -0.04850786]
 [ 0.06651913  0.03044598  0.11965553 ...  0.05537256  0.02241268
  -0.03529052]
 ...
 [ 0.14353444  0.13548337  0.03736452 ...  0.09427054  0.04817757
  -0.11479303]
 [ 0.11407919  0.02538956 -0.04250912 ...  0.00483296  0.09232929
   0.10213041]
 [-0.00753169 -0.0412047   0.00376058 ...  0.01041804 -0.06711264
  -0.04708255]]

--- fc1.bias | shape=(128,) ---
[-0.09112184  0.01657818  0.01290994  0.03304149  0.03325378  0.01890741
  0.06756291  0.10958093  0.09330784  0.13230343  0.01638841  0.09127082
 -0.03482406 -0.07524744  0.01037485  0.05825153  0.0675493   0.05696335
 -0.06049824 -0.03180732  0.04339408 -0.01933793 -0.05265728 -0.02458722
  0.08701807  0.0443853  -0.06099724 -0.00742806  0.0543443   0.06156619
  0.0697481  -0.08746831  0.06615692  0.06259666  0.00873497  0.03452096
 -0.03467836  0.03107885  0.02430815  0.03915382 -0.05356989  0.07082622
  0.08533103  0.01009117  0.02842095 -0.08763577  0.11655369  0.06092422
  0.05843055 -0.00340429 -0.05291464  0.097856   -0.00684824 -0.06744853
  0.01976774  0.0079826   0.13578486 -0.02387602 -0.03057399  0.08482808
 -0.03668591  0.02769562 -0.01310354  0.00996205  0.05229401  0.0773565
  0.05915847  0.04228107 -0.02317963 -0.01276665  0.05983431  0.12769142
 -0.0359725  -0.05195721  0.12915719 -0.07560581  0.06846388 -0.00165552
  0.0090888   0.07565942 -0.06897628  0.08382568 -0.06096059  0.00900856
  0.00411397  0.08527101 -0.04880586  0.02362483 -0.04096888 -0.05083281
 -0.07955357  0.07395037 -0.01802436  0.0434121   0.02485255 -0.04056383
  0.02988472 -0.04808025  0.08143067  0.02462056  0.08868185  0.06081098
  0.03842354 -0.0500581   0.04724111 -0.03894438  0.13893774  0.06941289
  0.05103661  0.08499511 -0.02476826  0.10558772 -0.0649874   0.04267038
  0.01077342  0.06547511  0.08044862  0.04196645 -0.04423768 -0.03934301
  0.03434645  0.03646576  0.11451434  0.05012801 -0.02651981 -0.04257226
 -0.06722533 -0.03027633]

--- logits.weight | shape=(4, 128) ---
[[-2.23212894e-02  5.08057214e-02 -9.17329192e-02 -7.78849348e-02
  -4.29657400e-02 -8.28015506e-02 -6.72170520e-02  1.09156102e-01
  -1.62156262e-02  5.93750924e-02 -1.11442223e-01  1.37552619e-01
  -4.26561944e-02  4.20012064e-02 -2.04862189e-02  9.47628841e-02
  -8.96783918e-02  1.23524778e-01 -2.61704884e-02  1.16078340e-01
   8.05443078e-02  6.48299456e-02  4.62363474e-02 -1.62121449e-02
   1.06676131e-01 -6.45004362e-02  1.15931645e-01  6.87331110e-02
   7.72207230e-02  1.12809002e-01  9.19790491e-02  3.36578190e-02
  -8.89474154e-03  7.16768950e-02 -1.08103938e-01 -9.19671655e-02
   1.06809186e-02  1.56559020e-01  8.73349011e-02 -7.03333020e-02
   8.26853514e-03  6.67139068e-02 -8.44894126e-02  2.17318311e-02
   6.39384240e-03  3.63167524e-02 -3.70105319e-02  6.25908934e-03
  -1.49237094e-02  1.99013110e-02  9.69536602e-02  4.77331765e-02
  -9.16717574e-02  4.54615243e-02  9.84131023e-02  1.88479219e-02
   1.21585280e-01  9.12655070e-02  6.42346311e-03  9.63093862e-02
   1.29985216e-03 -9.78659317e-02 -7.68452361e-02  7.15158358e-02
   9.95730907e-02  1.00201882e-01 -5.88114895e-02  2.31579784e-02
   1.86662331e-01 -6.35465086e-02 -2.82932483e-02  1.72191754e-01
   4.08164953e-04 -6.64078966e-02  1.03813469e-01  6.22488931e-03
   1.37621447e-01  1.59476310e-01 -5.85692599e-02  1.02056094e-01
   1.07857861e-01 -6.49936572e-02 -7.58941397e-02  7.04160631e-02
  -3.49771976e-02  1.99066121e-02 -9.26755462e-03 -1.10223688e-01
  -1.08985163e-01  6.72484562e-02  3.45672742e-02  4.95981760e-02
  -3.55083086e-02  3.68766263e-02 -8.63075778e-02 -6.06056601e-02
  -1.04732417e-01  9.46946666e-02 -8.88788402e-02 -1.03148714e-01
  -5.13934530e-02  1.00703105e-01  1.06155605e-03  7.48197362e-02
  -6.54492304e-02  4.30860594e-02  1.13702126e-01  8.82790536e-02
  -1.06488578e-01 -7.71884946e-03  6.03607558e-02  1.66079421e-02
   6.42715245e-02  1.62103996e-01  1.19530084e-02  2.67135110e-02
   3.96710299e-02  1.75174698e-02 -5.80036230e-02  5.36623485e-02
  -1.01381928e-01 -4.42537107e-02  2.17009395e-01  1.25298440e-01
  -7.72610083e-02 -4.87954542e-02 -3.26193473e-03 -8.87722359e-04]
 [-5.43976203e-02 -1.22448660e-01  1.13952644e-01  1.96177587e-01
  -2.13013240e-03  6.90121949e-02  3.47414464e-02 -9.83445942e-02
  -4.76439334e-02  5.23454417e-03  1.84467845e-02 -2.03772392e-02
  -5.17716818e-02 -6.12934083e-02 -5.66753037e-02 -2.41465606e-02
  -7.95389265e-02 -6.43294752e-02  6.09863885e-02 -1.26768649e-01
   7.55462497e-02  2.86940224e-02  4.68058884e-02  1.54674947e-01
  -8.10330585e-02 -1.05393521e-01 -9.59638655e-02  3.98892649e-02
   8.86160359e-02 -1.00250214e-01  7.40275458e-02  3.53048183e-02
   1.88701861e-02  1.06925488e-01  1.06929295e-01  1.53032467e-01
   1.20148279e-01  3.84462513e-02 -5.58292307e-02  3.89955118e-02
   1.06450453e-01  6.34022206e-02  5.39327823e-02  1.17548905e-01
  -5.09571955e-02  4.94400039e-03  1.31789044e-01  8.37536827e-02
   5.71114756e-02 -9.26891109e-04 -5.23955747e-02 -1.00964092e-01
   3.49256210e-02  1.32813556e-02  3.93216945e-02  2.08401561e-01
   9.98941287e-02 -3.04709934e-02 -7.58239031e-02  9.93237495e-02
  -1.74549669e-02 -4.06945124e-02 -4.90624160e-02  1.07013546e-01
  -3.23624387e-02 -9.52284932e-02  5.83777167e-02  1.18477494e-01
  -9.67510045e-02  1.29265338e-01 -8.52903649e-02 -1.41967565e-01
  -5.31084761e-02 -6.66114613e-02 -1.30326897e-01  7.51629248e-02
  -2.74300110e-03  6.39083385e-02  7.64125958e-02  7.67255202e-02
  -4.84771319e-02  1.29708946e-01  6.86939806e-02  3.95643152e-02
  -1.10894643e-01 -1.03150308e-01 -5.88780344e-02  4.82530817e-02
  -8.52667838e-02 -2.21786480e-02 -5.20436317e-02  6.80742040e-02
   4.12679948e-02 -3.74631770e-02  1.12531081e-01  3.47713530e-02
   4.73117679e-02 -6.72053844e-02  9.55694169e-02 -9.81904492e-02
   1.32736757e-01 -7.33608827e-02 -1.16913363e-01 -7.97095820e-02
  -5.51094450e-02  5.98341562e-02 -1.10359997e-01  7.83660188e-02
  -4.89768535e-02  1.45633891e-01  8.51616561e-02  8.91945511e-02
  -8.90342370e-02 -1.00163244e-01  6.87769949e-02  3.76485921e-02
   5.35501167e-02 -8.82148370e-02 -2.78691528e-03  3.98356169e-02
   7.38114864e-02  1.13540351e-01  3.84909450e-03 -1.84537154e-02
  -9.00230929e-02  1.21277705e-01  7.16134766e-03  1.18495509e-01]
 [-5.15479334e-02 -3.02855112e-02 -2.34735459e-02 -5.06978147e-02
   4.65218276e-02 -5.25693670e-02  4.04847926e-03 -5.98794743e-02
  -6.40248060e-02 -3.67252715e-02  6.98744133e-02  4.32477295e-02
  -5.82033806e-02  2.53585894e-02  8.70232582e-02 -1.34482905e-01
  -8.01772624e-02 -5.28883114e-02  2.34226994e-02 -4.19887453e-02
   3.06707006e-02 -5.17918840e-02 -1.90449152e-02 -6.07031733e-02
  -4.19213884e-02  3.36299129e-02  1.07968189e-02 -9.71030369e-02
  -6.71822950e-02  4.80339713e-02 -7.63391033e-02  8.45369250e-02
  -7.13163689e-02 -2.30531339e-02 -1.12092849e-02 -4.30717273e-03
  -6.58914223e-02 -2.59019434e-02 -1.01301245e-01 -1.43510522e-02
   6.39100894e-02 -1.34563491e-01  1.79651305e-02 -4.26891334e-02
   6.13576397e-02  7.19982833e-02 -2.34276839e-02  1.20083313e-03
   9.45934132e-02  2.66367523e-03 -1.77620165e-02 -9.22850594e-02
   3.99487019e-02 -4.36150804e-02  6.18596971e-02 -2.49274466e-02
  -6.59321919e-02  1.36842821e-02  5.22107519e-02 -3.72394845e-02
   6.84483051e-02 -8.79450440e-02  9.19608679e-03 -6.69608787e-02
  -1.22422574e-03  2.93607749e-02 -9.29980353e-02 -8.42095092e-02
  -9.71655399e-02 -1.31460488e-01  1.44283371e-02  4.06511873e-02
  -6.93705305e-02 -7.98410922e-02 -5.33336587e-02 -6.66860044e-02
  -3.08242179e-02 -8.11734721e-02 -9.97762904e-02 -1.00276947e-01
  -1.47628440e-02  4.58657481e-02 -5.04288599e-02 -4.64899503e-02
   4.89683226e-02  5.25217131e-02 -3.81555371e-02 -5.46005182e-03
   4.54319417e-02  6.04829472e-03 -2.04917472e-02 -7.66838863e-02
  -1.09726913e-01 -6.75408617e-02  6.37401044e-02  3.11644413e-02
  -4.78651002e-02  4.04869281e-02 -9.15347710e-02  1.11844577e-02
   5.56436926e-03  7.15063661e-02  1.42530454e-02  7.77283534e-02
   2.61460221e-03 -8.08627903e-02 -1.38452277e-01 -7.41191730e-02
   1.63998753e-02 -6.67081997e-02  2.87839267e-02  9.46167484e-02
  -5.74028566e-02 -4.06875722e-02 -3.44013311e-02  6.87408149e-02
  -9.72923338e-02 -5.95496520e-02  5.84785827e-02 -4.68260460e-02
  -1.25394417e-02 -8.18485674e-03 -1.51195258e-01  3.90568674e-02
   4.52197157e-02 -7.61183053e-02 -5.78423291e-02  3.13366652e-02]
 [-6.76851422e-02  4.72490974e-02  5.06496951e-02 -1.33019611e-01
  -2.78806277e-02  6.27014861e-02 -7.50794336e-02  4.81249429e-02
   6.62673637e-02 -9.90611538e-02  1.20544985e-01 -9.84937176e-02
   1.84212625e-02 -3.99363860e-02  1.55326721e-04  8.93981829e-02
   1.13895815e-02 -1.12202220e-01 -6.39761835e-02  4.65514734e-02
  -1.94481779e-02 -1.16383806e-01 -8.56010541e-02 -4.38768268e-02
  -7.47092664e-02  6.38881102e-02 -9.70029682e-02 -2.64411103e-02
  -8.65592882e-02 -2.04937160e-02 -8.89829546e-02 -4.08005295e-03
  -2.21098270e-02 -1.51811289e-02  4.43478972e-02  6.03336990e-02
  -1.23401619e-02 -3.51957530e-02 -1.08227089e-01  9.68483016e-02
  -9.40486938e-02 -4.59327828e-03  1.35104671e-01 -5.48456199e-02
  -1.88910663e-02  8.36965349e-03 -1.44978270e-01 -1.40189201e-01
  -2.86603812e-02 -7.64680188e-03 -9.71016064e-02 -1.64393857e-02
   2.01610010e-02  3.01304758e-02  7.34574720e-02 -4.90123034e-03
  -2.17708084e-03 -7.34089613e-02  3.20677683e-02 -7.18301535e-03
  -9.19758379e-02  1.17557444e-01  1.02455683e-01 -2.87527461e-02
  -3.44397165e-02  5.37808239e-02 -1.17092930e-01 -1.14165870e-02
  -2.03522686e-02 -2.94019300e-02  1.14291748e-02 -4.18573134e-02
   3.40676308e-02  9.08534899e-02 -6.20736293e-02  9.72531289e-02
  -3.98355909e-02  2.32729055e-02 -7.80407935e-02 -1.20826133e-01
  -1.73611008e-02  6.03726134e-02 -1.96988992e-02 -7.24383593e-02
  -4.20621224e-02 -5.81474453e-02 -4.97415736e-02  7.99688622e-02
   1.17976107e-01  2.70596165e-02  3.82522158e-02 -9.85751599e-02
   2.23282780e-02  4.06751223e-02  1.79779306e-02 -7.23363608e-02
  -9.38361138e-03 -6.41270578e-02  1.66602023e-02  5.13706356e-02
  -2.57906336e-02  1.29124790e-01  1.32480199e-02 -7.12242872e-02
   2.73568500e-02 -1.13060787e-01 -6.68410584e-02 -1.10580258e-01
  -4.84074056e-02 -6.52845949e-02 -4.32062820e-02 -1.00172885e-01
   7.02338889e-02  1.41467070e-02  4.38618585e-02 -1.07272901e-01
   6.93599582e-02 -3.61367203e-02 -2.52061430e-02  6.51322678e-02
   1.05627865e-01 -8.98025855e-02 -1.82251837e-02 -9.68335122e-02
   3.43393907e-03 -6.82445839e-02  5.34241125e-02  4.84855101e-02]]

--- logits.bias | shape=(4,) ---
[ 0.01267882  0.06803153  0.04060126 -0.05780436]
