
--- embed.weight | shape=(81, 128) ---
[[-2.0968432e+00 -6.5406483e-01 -4.4672501e-01 ...  6.6111243e-01
  -3.6861175e-01 -1.8897661e+00]
 [-3.2729805e-01  2.0507783e-01  1.7906941e-01 ...  8.2525676e-01
  -6.7066962e-01 -9.5874675e-02]
 [ 2.6011596e+00 -7.4163789e-01 -4.3706864e-01 ...  1.3932022e+00
   3.8751441e-01  2.6318872e-01]
 ...
 [-1.7000589e-01  2.6859119e+00  5.9208477e-01 ...  1.6481553e+00
  -5.7051343e-01  4.4842977e-02]
 [-1.1685991e+00 -1.9056583e-03 -1.3732308e+00 ...  5.2206289e-02
   2.2407261e-01 -8.3188009e-01]
 [-2.2227020e+00 -1.3439299e+00 -1.8858091e+00 ...  2.0280273e+00
   4.4420847e-01  8.8790649e-01]]

--- fc1.weight | shape=(128, 128) ---
[[ 0.06998207 -0.04689059  0.07916508 ...  0.03067129 -0.01069423
  -0.12090006]
 [ 0.09337997  0.01320509 -0.04613822 ...  0.07618964 -0.12754346
   0.01141552]
 [ 0.001566    0.04980082  0.00476448 ... -0.05222348 -0.00555497
   0.01500296]
 ...
 [ 0.00157849  0.05751506 -0.00668199 ... -0.0233869  -0.08552985
   0.04624866]
 [ 0.09872239 -0.05621229  0.07758956 ...  0.01525785  0.13713253
   0.01236037]
 [-0.07867738  0.02000822 -0.08347657 ... -0.05437017  0.06217425
   0.05187945]]

--- fc1.bias | shape=(128,) ---
[ 0.04890508  0.08773629 -0.02642071 -0.0137423  -0.05550184  0.06956416
  0.07737561  0.02309456 -0.02484167  0.0281495  -0.00334841  0.0820712
  0.07712717  0.08645178  0.01843602  0.09635292  0.07947227 -0.04315792
 -0.05773616  0.02901726  0.0237532   0.05602311 -0.02260295  0.08728833
  0.10664838  0.01382483 -0.00657389  0.10653839  0.00284676  0.00065079
  0.00115186 -0.01813233  0.05728138  0.00158746  0.06017011 -0.02910168
  0.05967443 -0.0223091   0.03919492  0.05449058  0.05895688  0.0907333
 -0.06840059  0.0954545   0.03462289  0.08826417  0.10417084  0.0362666
  0.04462009  0.0958841   0.05883019 -0.07150178 -0.05295081  0.00623613
  0.02905286  0.08435688 -0.05730293 -0.07267901 -0.03295887  0.06486213
  0.0480363  -0.05676901 -0.04298907  0.10587764  0.01241036  0.0725163
  0.04181496  0.00413678 -0.00429574 -0.01894923  0.07336019 -0.08655191
  0.06902719  0.05183651 -0.07693742  0.03319943  0.04246224  0.01642483
  0.0699642  -0.00995622 -0.00179711  0.01731049  0.00221466  0.08682393
  0.04010316  0.09382004  0.07540683  0.06638151  0.09626219  0.01970891
  0.03172459  0.08161275  0.08636768  0.00345922  0.10232722 -0.03128844
  0.00561496  0.09060147  0.00501622  0.06507518  0.00872736 -0.0283474
  0.02803906  0.0068944   0.03164716 -0.02293358 -0.0821297  -0.07371036
  0.00418864  0.06388808 -0.02027408  0.06716257  0.09223957  0.07392101
  0.03096213 -0.01198682  0.07738542 -0.07067713  0.07606024  0.05327111
 -0.03101185  0.09039692 -0.06973547  0.11498705  0.02237022  0.05798334
  0.13031319 -0.02794002]

--- logits.weight | shape=(4, 128) ---
[[ 0.01633199 -0.03582893 -0.10818437 -0.11156695  0.0907863  -0.04029343
   0.0286362   0.06294721 -0.02287535 -0.00194044  0.01485674  0.04156237
   0.07637433 -0.0252439  -0.05315807  0.02233939 -0.07198168 -0.01806356
   0.05438226 -0.12940134  0.02554791 -0.00392065  0.08012958  0.03179097
  -0.13610084 -0.13856196 -0.00284866  0.12819369  0.01534152 -0.09652159
  -0.11335967 -0.01511442 -0.03840012  0.03418808  0.09454936 -0.03571539
  -0.11236651  0.04922643  0.08944051  0.10544967 -0.03788388  0.03454383
  -0.02957197 -0.01749908  0.03719564  0.026911    0.07711151  0.03647444
   0.08542068  0.11297718  0.10793868 -0.03877118  0.08024713 -0.04530522
   0.03677836  0.03602787  0.08539201 -0.04166371  0.10892975 -0.06146712
  -0.01526633  0.0347133   0.12069488 -0.05761598  0.09077889  0.06691645
  -0.09559193 -0.0287527   0.07941781 -0.03184875  0.02894943  0.08873796
   0.01091965 -0.02689441  0.00033202 -0.1211299   0.02357071 -0.0057465
  -0.07642739 -0.04488837  0.08222396 -0.08244035  0.05302614 -0.12826902
   0.07178885  0.09331084  0.05112338 -0.03849011  0.13405973  0.10683595
  -0.02533869  0.09597266  0.11752931  0.03229801  0.08694334  0.04857017
   0.01720311 -0.00615191 -0.13497908 -0.06294842 -0.0132847   0.05612174
  -0.00722212  0.06760227 -0.08800422 -0.09857499  0.05637716 -0.057053
  -0.10482123  0.05717644  0.05343325 -0.01608551 -0.00807819  0.14225776
   0.02377861 -0.02313922  0.00079419  0.08726533  0.09091759  0.00360315
   0.0517537   0.09832165 -0.03232231 -0.08087963 -0.10842633  0.05136893
   0.09822328 -0.07843001]
 [ 0.11034847 -0.08506563 -0.01962498 -0.01503538 -0.04196825  0.04830361
  -0.06831831 -0.05737543  0.02329482 -0.06830339  0.05589099 -0.0191366
  -0.1319579   0.09310908 -0.02478608  0.01241441  0.06450978  0.05521275
   0.0016842   0.04809542  0.02422097  0.05390928 -0.03481489  0.00471966
   0.08352362 -0.10103725  0.02807661  0.00354979 -0.03698808  0.09825721
   0.0055532   0.06891797 -0.07534559  0.08050004  0.07831527 -0.02133572
  -0.09734638  0.03301398  0.05541803  0.01232102 -0.07798765 -0.0992963
  -0.09494719  0.11862622  0.05007141  0.08706482 -0.07228593 -0.06259194
   0.04329249  0.06499138 -0.12897521  0.03088914  0.0497153  -0.04733507
  -0.05440725 -0.09461775 -0.07326207 -0.03218862 -0.01278486 -0.12824735
   0.00961142  0.06203889  0.03176171 -0.08656776  0.09989011 -0.03892228
  -0.12092701  0.04281684  0.03858927  0.10086545  0.06122681  0.03823933
   0.08357863 -0.02713081  0.00362151 -0.05613006  0.02499608  0.10570232
  -0.0244502   0.07076901  0.00664014  0.13256504  0.03073345 -0.07980258
  -0.01802563 -0.0416331  -0.02392929  0.1128978   0.04360009 -0.0397751
   0.06221632 -0.02214277  0.07998714  0.12735605 -0.06489587 -0.07973081
   0.0229979  -0.08723245  0.02708007 -0.01591272  0.08320434  0.12262016
   0.01140611 -0.07729026  0.10671608  0.06888439  0.03630772 -0.01858066
  -0.08823531  0.06174201  0.01304848 -0.09138673 -0.04478192  0.03236023
  -0.07324942 -0.03661145 -0.13828956 -0.00376232 -0.07967596 -0.05916632
   0.08256318  0.00493386 -0.01147446  0.02901123  0.10046659 -0.12152978
  -0.07858421 -0.02310921]
 [ 0.02262653  0.05345552  0.08257186  0.03465845 -0.10412543 -0.05702612
  -0.10419007  0.07809472 -0.05832308 -0.0008187  -0.08175743 -0.14790492
  -0.02552149 -0.10662876  0.07714371 -0.05943438 -0.02239189 -0.08727247
  -0.02998146  0.04510134  0.00790482 -0.00677654 -0.04310675 -0.10122102
  -0.04580223  0.03388113 -0.12665193  0.03528944 -0.10928644  0.00804375
   0.08026166 -0.09280078 -0.03627867 -0.1593571   0.05970265  0.04037956
   0.1288658  -0.09921589 -0.0060075  -0.00306567 -0.034314    0.02066184
  -0.07928698 -0.0707693   0.01375933 -0.08666874  0.0183477  -0.09018192
  -0.11475302 -0.04082342  0.07252582 -0.08447756  0.00507791 -0.04758542
  -0.05851294 -0.06898881 -0.01261365 -0.007947    0.03630821  0.07773662
   0.08152533 -0.00849392 -0.01033144  0.06309171  0.06807458  0.14115171
  -0.0475264   0.05137035  0.06579011 -0.12745155  0.02226451  0.00682309
   0.04472178  0.01026841  0.10404018  0.01275346  0.05918895 -0.09419882
   0.03704566 -0.04556678 -0.04785797  0.06431159  0.03632425  0.08290043
   0.03867595  0.05141234  0.04291232  0.00690793  0.07016131 -0.01642477
  -0.0435728  -0.03774288 -0.03013932 -0.07900047  0.01301431 -0.01853942
   0.10993172  0.08341384  0.09693918  0.12166493  0.02257646 -0.11001258
   0.06084605  0.10403296 -0.05275903  0.09655571 -0.07340296  0.10691223
  -0.0595798  -0.0953673  -0.11897929 -0.04251751  0.13655578 -0.11313608
   0.13246556  0.03040477  0.07087924  0.06921639 -0.05697825  0.10335203
   0.02742476 -0.05673464  0.0626892   0.05442042  0.06052969 -0.01190649
  -0.08383832 -0.07458684]
 [-0.09359257 -0.01549476  0.12296809  0.01545073  0.02946785 -0.0262497
  -0.11666342 -0.09817825 -0.07186602 -0.0697054   0.03656885 -0.1475692
  -0.07081125 -0.10174344  0.0334498  -0.04137742  0.07474063 -0.01799189
   0.05466474  0.06819259 -0.04979911 -0.09442205 -0.08344145  0.06766011
  -0.05347487  0.032998    0.07948556 -0.05591125  0.05796316  0.05506909
   0.04594332 -0.06125019  0.14912702 -0.09600701 -0.10093451 -0.00056595
  -0.04267045 -0.08824767 -0.04728126 -0.01550784  0.12237891 -0.08225831
   0.04758494 -0.07554112 -0.03321714 -0.10914489 -0.08425136  0.01999298
  -0.03322951 -0.11647508 -0.06057453  0.01110799 -0.02075204 -0.02787013
   0.06329069  0.0320678  -0.06437231 -0.03376535 -0.03245283  0.08393431
  -0.08606783  0.00784985 -0.07830192  0.06887512 -0.12669167 -0.02909088
   0.09841341 -0.03829879 -0.09080325 -0.14166297 -0.0897413   0.07756593
   0.07688463 -0.12446559  0.01171416  0.05287308  0.07787686  0.00103191
   0.04745296  0.0368785  -0.11396787 -0.02624911 -0.00743891  0.10350858
   0.0766043   0.05027425  0.10667097  0.02836371 -0.06834956 -0.01167247
  -0.0936529   0.0560051  -0.01157087 -0.02617629 -0.12165859 -0.0242143
   0.09932639 -0.11693533  0.13398893 -0.10010816 -0.03040222 -0.01978709
  -0.09307839  0.01142229  0.05569185 -0.02642061 -0.00284354 -0.09308297
   0.10148826 -0.03035621 -0.08959085  0.11498047 -0.02798438 -0.09114055
   0.08895497 -0.10243451  0.06438012 -0.01534438 -0.03718049  0.10112952
  -0.02076177  0.04263901  0.02302797  0.14688343  0.01563754  0.05334776
  -0.11587704  0.01088747]]

--- logits.bias | shape=(4,) ---
[ 0.08675541 -0.03985225  0.0721208  -0.05473589]
