
--- embed.weight | shape=(81, 128) ---
[[ 0.5354411   1.4615825   2.2434378  ...  1.0936714  -0.20500155
  -0.975468  ]
 [ 0.9554888  -0.00817264 -0.5988158  ...  0.16488355  0.24624573
   1.1328148 ]
 [ 2.0538373  -0.50891197 -0.6347678  ... -0.96686304 -1.0660605
  -1.1097863 ]
 ...
 [ 0.53207994  0.60425544  0.04766022 ... -1.2033927   0.66602147
  -0.40265778]
 [ 0.28736737  0.86385417  1.2863672  ...  1.7240156  -1.1948506
  -0.24181552]
 [ 0.8074674  -0.14952905 -0.12124494 ... -0.14095795  0.20096244
  -2.1061034 ]]

--- fc1.weight | shape=(128, 128) ---
[[ 0.06980091  0.02093861 -0.10030933 ... -0.01365124 -0.0463528
   0.03202926]
 [-0.03099047  0.09416716  0.00568971 ... -0.07513661  0.04093831
   0.01483497]
 [-0.04817346  0.07099599  0.05481442 ...  0.02908746  0.03771794
  -0.02264   ]
 ...
 [-0.06382108 -0.02060629  0.0400866  ...  0.0468661   0.07849772
  -0.0606629 ]
 [-0.06217959 -0.02826484 -0.0146118  ... -0.09258218  0.02308144
  -0.04807567]
 [-0.02671824  0.01895608 -0.04375164 ... -0.06466576 -0.05724652
  -0.06332351]]

--- fc1.bias | shape=(128,) ---
[-0.03718014  0.07720009 -0.07257035 -0.04026302 -0.04320022  0.06609366
 -0.07386665  0.16697945 -0.03089945  0.03933507  0.15956591  0.022075
 -0.02476044 -0.0888462   0.13618296 -0.02768036  0.13475686 -0.00320307
  0.01341894  0.01738632  0.03295977  0.06361669 -0.14033075  0.05751218
  0.02706638  0.01503196  0.08899562  0.03239661 -0.13249364  0.07983771
  0.03469502 -0.06071331  0.00111325  0.08544104  0.05274871  0.07173102
  0.11142106 -0.00530456 -0.02629069  0.0505788  -0.08826925  0.09647575
  0.16831343  0.12624529 -0.00280784  0.08138449 -0.0657944   0.07115599
 -0.11050154 -0.06447393 -0.01136485  0.02344218  0.07177758  0.00188671
 -0.07291412  0.12605426  0.0085525   0.11201238  0.0179893  -0.00441487
 -0.1212607   0.15151347  0.1458443   0.04386425  0.1253633   0.0739998
  0.0653047   0.00841173 -0.03050286 -0.13834155  0.03795532 -0.02521539
 -0.01764946 -0.12589206  0.11093878 -0.04792426  0.11348817  0.17983106
  0.09728023  0.11954875  0.0331361  -0.1265507  -0.02737789  0.01194122
  0.06403574  0.01375817 -0.1255627  -0.079602   -0.11898667  0.0384892
  0.06899851  0.02161909 -0.04188106  0.01397342  0.17020689 -0.09819044
 -0.06449005  0.12876424  0.06627301  0.11179385  0.02100986  0.02974584
 -0.08591554  0.00778808 -0.00918926  0.00149462 -0.0245401   0.1049256
 -0.05103496 -0.02490653  0.11706732  0.09414298 -0.05113     0.08376148
  0.07054138  0.08695472  0.16958871 -0.11698835  0.05801202  0.03574748
  0.02686805  0.07973351  0.03352649  0.14075938 -0.10493702  0.03354052
  0.10802265  0.11760643]

--- v.weight | shape=(1, 128) ---
[[ 0.10558322 -0.10765762  0.0015444  -0.0193269   0.00902162 -0.12553425
   0.02543207 -0.11747377 -0.01503089 -0.04577705 -0.11869895 -0.04884754
   0.0042555   0.0551478  -0.05586042 -0.06040651 -0.1338417   0.00526799
  -0.02149549 -0.01771205 -0.09362796 -0.06177158  0.00338037 -0.1030388
  -0.02483127 -0.06585196 -0.043284   -0.07892975 -0.00029603 -0.04299964
   0.00121961 -0.00960302 -0.12674688 -0.11228026 -0.09009205 -0.1385501
  -0.02808886 -0.06883214 -0.02181674 -0.07450438 -0.00263987 -0.10559355
  -0.04659541 -0.04476351 -0.0341891  -0.05361133  0.00618048 -0.11610393
   0.00575195  0.03037748 -0.11545187  0.00082592 -0.02747222 -0.05921877
   0.02072104 -0.07952643 -0.03127155 -0.08800107 -0.03616847  0.00628023
  -0.00104549 -0.09207151 -0.06504777 -0.07944987 -0.11224845 -0.04110103
  -0.04896144 -0.02958797 -0.00844842 -0.00299303 -0.12594631 -0.01859984
  -0.01868547 -0.00136015 -0.07285264 -0.00940122 -0.08936795 -0.11318202
  -0.10700525 -0.11062191 -0.09548295  0.03988539 -0.01640322 -0.03944226
  -0.08099322  0.03195757  0.01012422  0.01058167  0.0090946  -0.05425894
  -0.04560937 -0.03475884 -0.01445001  0.02026963 -0.10362557 -0.00973581
  -0.04212952 -0.0473138  -0.07353864 -0.07203306 -0.00108271 -0.03931374
   0.00420617 -0.10577792 -0.08674456  0.13365744 -0.01363206 -0.15608437
  -0.02891504  0.00780125 -0.09597815 -0.07282606  0.04925467 -0.08634258
   0.1173793  -0.12030931 -0.0562164   0.01053571 -0.03215955 -0.12928003
  -0.0129991  -0.09916203 -0.10897931 -0.08970702  0.00104813 -0.03182849
  -0.10012882 -0.11876441]]

--- v.bias | shape=(1,) ---
[-0.05878186]
