
--- embed.weight | shape=(1, 128) ---
[[-0.75608003  0.73819834  0.2589242  -0.7628467  -1.4273813  -2.1320832
   1.0197637  -0.96861804  0.4373771  -0.44189885 -0.56821656  0.48839226
   0.2617507  -1.6966685  -0.21116188  0.6418673   0.9904245  -0.42495546
  -1.7820249   1.0254883   0.24010105 -1.9750477  -0.9370837   0.14189191
  -0.6402308   0.09074227  0.26635575 -0.7710146   0.7190316   1.2058004
   1.4026875  -2.799653    0.42652717  0.91137445 -1.6133991  -0.52844334
   1.1739963  -0.13417311 -0.66623646  0.5817877   0.7797315   0.6566742
   0.98912376  1.0721554   0.06547421  1.7846397  -0.5795481  -1.2172174
  -1.0988233  -0.15265663 -0.8903115  -1.5477517  -0.46731678  1.3660944
   0.43016422 -0.40455234  1.4287363   0.0826484  -0.9148702   0.4169549
  -0.10769414  0.32797146  0.23931015 -0.4239343  -0.9201299  -1.3161622
   0.75034624 -0.95511794  0.54653937 -0.08735272 -1.4475099  -1.2099854
  -0.98310846 -0.7361381   0.03115428 -1.1527631   0.4787704   0.51192963
  -0.49205717  1.2001106   0.11170615  0.3572365  -0.10477627 -0.43753392
  -0.33604524  2.1003447   3.1388166   0.43584043  0.42984128  0.17738809
  -1.4648429  -0.09447919 -1.1753266  -0.548553   -1.3381767  -0.218788
   0.13771915 -0.37431145  2.7212749  -0.31043288  0.8266343   0.46917078
  -0.7690956  -0.1399834  -0.65226334 -0.70026934 -0.3709806   0.06686103
   1.5649238  -0.09295824  0.03313152 -1.1328543   0.7054099  -1.3626714
  -0.5186027  -0.4902693   1.8982179  -1.8327606   0.6481014   0.87961453
  -0.6903387   1.0523354  -0.84489936  1.7810625   0.556864   -1.0251989
  -0.35995197  0.315112  ]]

--- fc1.weight | shape=(128, 128) ---
[[-0.04745575 -0.07560212 -0.05629786 ... -0.02781149 -0.04749679
   0.04039673]
 [-0.05033575  0.0271998   0.07534891 ...  0.05216333 -0.01671805
  -0.00208004]
 [ 0.08081635  0.06773517 -0.07693044 ...  0.05300405  0.02645935
  -0.07353937]
 ...
 [-0.01678765 -0.07813713 -0.05131986 ... -0.03604152  0.04873265
   0.0013615 ]
 [ 0.0645524   0.06101034 -0.07933575 ...  0.03135712  0.07301655
   0.07927477]
 [ 0.08459405 -0.05132319  0.02513284 ...  0.00668013 -0.07511307
   0.07023533]]

--- fc1.bias | shape=(128,) ---
[-0.07885095 -0.07301523 -0.0702178  -0.0332744  -0.00046683 -0.04158306
  0.0213495   0.0166413   0.01944957 -0.06223586 -0.07854828 -0.05401382
  0.03935168  0.06590527 -0.03165844 -0.00528606 -0.02046175  0.02036362
  0.06670297  0.07779832 -0.00396643  0.03146288 -0.04651711 -0.04063207
 -0.04154838 -0.06802065  0.01512782 -0.03460863 -0.00719141 -0.04095319
  0.03800612 -0.07603676  0.07818788 -0.08005007  0.01291029 -0.05118516
  0.07356634  0.05628792 -0.02698596  0.06812496 -0.07496471  0.03579238
 -0.04604714 -0.04221691  0.05566228  0.06526278 -0.00399635 -0.0386855
 -0.05126964  0.05155551  0.05620705  0.02430329 -0.01556594 -0.08591447
  0.05172823  0.00463774 -0.09033084 -0.01790432 -0.05829002 -0.0069742
 -0.01107144  0.03531867 -0.0869816  -0.08110905 -0.01667626  0.07326724
 -0.04472169 -0.03032046  0.05784178 -0.04161516  0.04348038 -0.04957535
  0.03768901  0.05446498  0.00570592  0.0382125  -0.00113023  0.06932937
  0.04387925 -0.01776093  0.0082286   0.02527972  0.001439   -0.05909017
  0.01602159  0.03431209 -0.07160349 -0.09623343 -0.05109908  0.08582994
  0.03020546 -0.05199675 -0.02058454  0.00733137  0.05316725 -0.06513679
 -0.00330104 -0.00390337 -0.06204595 -0.03181628 -0.01810352  0.02118307
 -0.03899948  0.00299946  0.06339691 -0.0614277  -0.01331937  0.02879521
 -0.03906499 -0.08542441 -0.03306073  0.0488948  -0.06381752 -0.08686385
  0.01427412  0.007218    0.07027567  0.03228015  0.05447809  0.01419227
 -0.07109997  0.01309812 -0.03410804 -0.06752548 -0.04127717  0.07264443
  0.03144564  0.08387741]

--- logits.weight | shape=(3, 128) ---
[[ 2.55240127e-02  1.48139335e-03  5.51648214e-02  4.15344611e-02
  -5.44024557e-02  7.91352913e-02  2.38705948e-02  2.79234648e-02
  -4.79277670e-02 -2.47375779e-02 -7.86218196e-02 -4.19207811e-02
   6.77359924e-02  5.92002049e-02 -7.21118227e-02 -4.37667742e-02
  -4.14697267e-02  3.09277475e-02  5.02098128e-02  2.29466408e-02
  -8.88016447e-03 -1.16828848e-02 -4.94333319e-02  1.65490750e-02
  -7.77717605e-02 -2.78269891e-02  6.27517328e-02  3.24980319e-02
  -3.25289369e-02  6.81837276e-02 -7.61814415e-02 -8.25500414e-02
   7.43862763e-02  4.11580019e-02  1.84805952e-02 -1.34503394e-02
  -5.67626208e-02 -1.17850378e-02 -1.71499364e-02  2.57106647e-02
  -6.67614490e-03  1.16023840e-02 -1.69172243e-03 -3.26611511e-02
   3.85528728e-02  6.48792759e-02 -4.27862722e-03  8.74285772e-02
  -9.99791920e-03  3.01025622e-02 -4.53281552e-02 -3.09567451e-02
  -5.66558167e-02 -4.36018743e-02 -4.48556393e-02 -5.70123605e-02
  -1.70044918e-02  6.34471402e-02 -5.87651134e-02 -2.65913010e-02
  -2.52669305e-02 -2.36694571e-02  3.72178778e-02  3.19385603e-02
  -6.04631416e-02 -8.71949345e-02 -8.74451920e-02  6.88077137e-02
  -3.97725441e-02  8.21270198e-02 -7.63676465e-02  8.26380327e-02
  -3.58277187e-02  2.45861989e-02  5.86778894e-02 -2.41567334e-03
   7.21290335e-02 -5.44843785e-02 -1.83254778e-02 -6.54856116e-02
   1.07419491e-03  4.37037423e-02  6.47694916e-02  8.76593217e-02
   6.22479096e-02 -4.37906794e-02  1.06514320e-02 -6.27516657e-02
  -7.69045651e-02 -6.76355958e-02 -1.88843645e-02  6.44925609e-02
  -3.06237638e-02 -3.15620378e-02 -1.00361198e-01 -3.48177925e-02
  -2.15729494e-02  1.43354968e-03 -2.79995203e-02  4.54624519e-02
  -6.91935569e-02 -7.04327822e-02 -6.96270540e-02  8.25224221e-02
  -1.48485601e-03  7.56270438e-03  5.95241264e-02 -7.51407817e-02
  -1.04001444e-02 -3.85990664e-02 -7.81965926e-02 -7.46786967e-03
  -5.41963875e-02  8.21954086e-02  1.86768621e-02 -3.55289690e-02
   5.72423264e-02  3.64961177e-02  7.35457242e-03  2.15841606e-02
  -3.04000322e-02  2.19156668e-02 -8.21832120e-02  3.73338237e-02
   9.40790027e-03  1.27884820e-02  8.23724791e-02 -4.56535183e-02]
 [ 3.68251577e-02  1.58517901e-02 -4.36109975e-02 -6.85882196e-02
  -3.84114571e-02 -7.97861442e-02 -7.81615824e-02  6.91387281e-02
   4.44570510e-03  3.80460657e-02 -3.19260843e-02  9.59651172e-03
   3.91925499e-02  5.23260348e-02 -1.52339414e-02  1.18256435e-02
  -3.43711972e-02 -2.07632296e-02  2.67732069e-02  3.57587226e-02
  -4.16022874e-02 -4.12859395e-02 -3.95925269e-02  2.32253429e-02
  -7.19732121e-02  6.59230053e-02  3.68167982e-02 -2.47536525e-02
  -4.76669520e-03  6.24940321e-02  2.12133210e-02 -7.77127743e-02
   6.61406144e-02 -1.06254235e-01 -5.57023585e-02 -7.25434572e-02
  -2.50982475e-02  8.08052793e-02  1.27880191e-02  8.39615241e-02
  -4.11065370e-02 -6.62826747e-02 -3.31185365e-05  6.77342415e-02
  -8.29254165e-02  7.34573305e-02  3.99953313e-02  4.49908823e-02
  -4.73433211e-02  7.17625394e-02  7.45348707e-02  6.82142600e-02
  -2.02775970e-02 -1.64048839e-02 -1.41750567e-03  6.68499023e-02
   5.33871576e-02 -5.40771335e-03 -7.43845701e-02  7.09113404e-02
   5.66808060e-02  2.27394029e-02 -1.04311854e-02 -3.51218656e-02
  -2.99494117e-02 -1.33828104e-01 -3.22097279e-02 -3.03476509e-02
  -1.64954681e-02 -7.02809393e-02  2.51288302e-02  3.51153053e-02
  -6.07851855e-02 -1.00906156e-02  5.96368536e-02 -1.04120336e-01
  -3.43880132e-02 -3.79114896e-02  7.45924935e-02  6.30298331e-02
   5.63219562e-02  8.05497244e-02 -8.55682604e-03 -1.89318508e-02
   2.44001150e-02 -1.42564168e-02  6.66715726e-02  1.33578982e-02
  -3.32836881e-02  6.49187341e-02  7.12087452e-02  6.70657232e-02
   2.95579880e-02  2.83601135e-02 -1.43487185e-01  2.87929904e-02
   8.57094396e-03  5.21901064e-02  1.03478804e-02 -3.96710966e-04
   4.04715165e-02  3.91148888e-02  2.29522660e-02 -7.03183785e-02
  -8.04512203e-02  7.39943907e-02 -5.82925677e-02  3.19927931e-02
   2.69080922e-02 -5.33635728e-02 -4.62360680e-03  3.89419794e-02
  -6.11788258e-02 -7.66547024e-03  3.73448655e-02 -1.07668340e-03
   3.52347419e-02 -1.53006017e-02 -6.82848021e-02  5.58906272e-02
   8.03689361e-02  7.23745748e-02 -6.49054423e-02  7.05590621e-02
  -3.29592265e-02  1.52266026e-02  6.40156940e-02 -8.12346488e-03]
 [-2.02944651e-02 -7.09376037e-02  1.12041607e-02  1.56119391e-02
   3.34757045e-02 -7.23860934e-02 -5.33658974e-02  7.89416209e-02
   6.46117469e-03 -9.62105021e-03  7.11367875e-02  6.38578832e-03
   8.12235698e-02  4.09330651e-02  6.83939597e-03  5.35131469e-02
  -1.75189544e-02 -2.61621792e-02  7.05296025e-02 -3.72923468e-03
  -2.71769855e-02 -4.29894552e-02 -1.65966675e-02 -7.66988471e-02
  -6.96449727e-02  3.87614295e-02 -7.79036731e-02  3.42459232e-02
   3.34356651e-02  4.13860902e-02  4.16172557e-02  2.92796120e-02
   6.38094619e-02 -5.37011959e-02  3.39723565e-02  6.98148683e-02
   7.45477229e-02 -7.33824745e-02 -7.22783208e-02  4.83082160e-02
  -6.82675168e-02 -2.61192378e-02  9.56603792e-03  3.33479531e-02
   8.57812837e-02 -4.65491526e-02  4.50292677e-02  1.51335616e-02
   2.19509527e-02  3.64105105e-02  5.92677072e-02 -2.90149846e-03
   3.11662853e-02 -3.68647948e-02  3.70443575e-02  6.59144223e-02
   4.76341955e-02 -4.11669984e-02  5.68094589e-02  2.32678428e-02
   1.49458423e-02  2.86943708e-02 -2.11802945e-02  7.65945911e-02
  -4.52112295e-02  1.61314204e-01  2.05890834e-02 -8.29098746e-03
  -6.17345609e-02 -2.11050753e-02 -6.58440068e-02 -6.23139590e-02
  -6.37846664e-02  3.33637111e-02  3.18020433e-02  1.15998648e-02
  -1.66494623e-02 -3.87727097e-02  3.23119015e-03  3.28808427e-02
   8.63188133e-02  6.66208193e-02  3.57589568e-03  5.20884767e-02
  -4.30695787e-02 -7.80702615e-03  6.96017593e-03 -6.13408349e-02
  -1.70999262e-02  1.65546611e-02 -1.86721757e-02  8.24809447e-02
  -8.67945924e-02  3.38781327e-02  1.59706891e-01 -7.04725534e-02
  -6.87989518e-02 -2.93995626e-02  2.82587036e-02  5.43069541e-02
  -1.87410414e-02 -4.32374291e-02 -5.11936881e-02 -8.26530010e-02
  -4.77277525e-02  7.42498115e-02 -1.90113857e-02 -5.45964297e-03
  -8.40361267e-02  4.42815833e-02 -3.88372988e-02 -2.48749107e-02
  -4.40476164e-02  1.05765313e-02 -9.01126768e-03  4.77068350e-02
  -2.13346183e-02 -5.54392561e-02 -3.03150737e-03 -5.96421212e-03
   8.35761428e-02  4.75791916e-02  1.89687381e-03 -6.60905465e-02
   8.78300294e-02  4.92693856e-02  3.87755856e-02  5.54598868e-03]]

--- logits.bias | shape=(3,) ---
[-0.06903479 -0.06178018  0.08109912]
