
--- embed.weight | shape=(1, 128) ---
[[-1.26864803e+00 -1.00947940e+00  1.52144706e+00 -7.68286645e-01
   3.55641574e-01 -9.00202870e-01 -5.82745075e-01  1.52655482e+00
   1.36210847e+00  6.39888585e-01  3.35991085e-01 -9.17222023e-01
   9.43215847e-01 -3.91365290e-01  2.70895153e-01 -6.34282678e-02
   2.38421053e-01  1.42320240e+00 -1.08833241e+00 -1.08545077e+00
  -2.37574011e-01 -1.86370671e+00 -1.53390169e+00  1.40981388e+00
  -1.18546315e-01 -9.65742290e-01 -9.77202177e-01  2.49276066e+00
   2.03606784e-01  7.41182506e-01  6.30880177e-01  1.45697463e+00
   6.37980282e-01 -3.76107097e-01 -4.16592211e-01 -7.80421674e-01
   3.18317622e-01 -6.94064517e-03  6.80344701e-01 -5.39235890e-01
   1.23316252e+00 -1.10963412e-01 -3.88967507e-02  5.39849281e-01
   1.58163652e-01  1.88115275e+00 -4.34208840e-01  9.50411737e-01
   7.83603862e-02  6.26239061e-01  2.28575900e-01  1.17310596e+00
  -7.38008618e-01  1.04898125e-01  2.05434576e-01 -1.36305070e+00
  -2.75402099e-01  4.69937533e-01 -2.01707149e+00 -5.92818379e-01
   7.82157421e-01 -5.97169757e-01 -9.51844156e-02  1.19538105e+00
   3.87793988e-01  1.11508465e+00  4.87703562e-01  1.47572958e+00
  -1.09487750e-01 -7.90827453e-01 -4.29723144e-01 -1.52329862e+00
   1.45652807e+00  1.09036994e+00  1.19712144e-01 -2.18534291e-01
  -1.55010790e-01  9.35308814e-01 -1.64289784e+00 -6.56026065e-01
   3.90110403e-01 -1.29570737e-02 -5.07720351e-01  2.31297326e+00
   3.14359963e-01  2.50551045e-01  5.48637450e-01 -4.83801126e-01
  -2.33660793e+00  5.69387019e-01  1.49137497e+00 -1.01022530e+00
   1.07066071e+00 -1.60573840e+00  5.29832125e-01 -1.75292268e-01
  -6.12201750e-01 -7.63030887e-01 -4.99286294e-01 -4.60932344e-01
   1.99670658e-01  6.23896301e-01 -1.54710203e-01  9.52118039e-01
  -1.02848017e+00 -6.53461516e-01 -5.40324226e-02 -5.08522570e-01
  -8.48496437e-01 -1.87676978e+00 -7.42946506e-01 -1.70425785e+00
  -3.48320603e-01  2.72938520e-01 -1.46914637e+00  1.38814783e+00
   2.13363075e+00 -1.73070636e-02 -5.59880555e-01  1.68653252e-03
  -2.72310615e-01  8.87194723e-02 -5.90991378e-01 -7.22569942e-01
   7.01071769e-02 -1.86973238e+00  7.73324251e-01 -9.90155578e-01]]

--- fc1.weight | shape=(128, 128) ---
[[ 0.0431214  -0.02647337 -0.08183435 ...  0.01670881 -0.09344338
  -0.00829375]
 [-0.04983857 -0.00193997 -0.08707077 ...  0.00087705 -0.08154824
   0.07831901]
 [-0.07445215 -0.06238684  0.07055316 ...  0.07245915 -0.00789807
   0.05857548]
 ...
 [ 0.02616386  0.02839972 -0.00073576 ... -0.0273388  -0.09701484
  -0.03933588]
 [-0.05860985 -0.05593892  0.05491769 ...  0.0677034  -0.02242562
  -0.01883871]
 [ 0.0779088   0.05910076 -0.02754704 ... -0.04845301 -0.00417031
  -0.06326077]]

--- fc1.bias | shape=(128,) ---
[-0.08029629 -0.06058355  0.02245693  0.05296656  0.07859898 -0.09035827
 -0.00957494  0.04754682  0.05487394 -0.06672046  0.03615068  0.00437457
  0.00078969  0.03837355 -0.02868909 -0.02529275  0.03185539 -0.01327712
 -0.04727336  0.05005876 -0.02415794 -0.0955226  -0.01267213  0.01033197
  0.05072768  0.0504827  -0.05621066  0.04732219 -0.07912751 -0.02550828
 -0.05333256  0.0061366  -0.08620282  0.02763613 -0.0328929  -0.04714775
 -0.07112964 -0.07991968 -0.07573872 -0.01827896 -0.08957668  0.08552676
  0.0555861   0.06478091  0.04727902  0.07369726  0.05527661 -0.07031803
 -0.04177405  0.00258774  0.05119802 -0.03911163  0.06582043 -0.04596604
 -0.05964203 -0.02713511 -0.04675073 -0.07636135 -0.07538547  0.02426989
 -0.03680108 -0.01609238  0.05850054  0.02204274 -0.08353256 -0.06254259
 -0.07852507 -0.05920498  0.00434331 -0.02101687  0.06671504 -0.05538017
  0.04954841 -0.06522709 -0.03676877 -0.04688354 -0.06891441  0.07994644
  0.0709497  -0.03042115  0.03809106  0.04351429  0.04924292 -0.0181887
 -0.06993854  0.06885251  0.00953385 -0.0713079  -0.05915911 -0.0053166
 -0.00080598  0.04091972  0.0546198  -0.06050195 -0.00854417 -0.06418575
 -0.09519131  0.04063701  0.07157359  0.06003886 -0.03376833 -0.0481197
 -0.05751346  0.01585074  0.08292665 -0.06122841 -0.03102757  0.03644368
 -0.01162162  0.04946233 -0.07626867 -0.04755963  0.04299402 -0.03586101
  0.06474701 -0.07346205  0.0010073  -0.02903815 -0.00623786  0.00462237
  0.01392858 -0.06807864 -0.00961478  0.02028661 -0.03699995 -0.07065772
 -0.02430293 -0.0729059 ]

--- logits.weight | shape=(3, 128) ---
[[-0.03350345 -0.03688215  0.00086714 -0.00847419 -0.04617271  0.06956179
   0.02403042  0.00533871 -0.05846973  0.0541072  -0.03230553  0.07654449
   0.0713769  -0.0011973   0.01200708  0.08347689  0.00946971  0.06864997
  -0.00085232  0.02839743  0.01986695 -0.06946579 -0.05108178 -0.05676044
   0.03617196 -0.01678107  0.00695655  0.06783759 -0.05914653 -0.07718736
  -0.07240822 -0.03757057 -0.08140676  0.01148164  0.03366591  0.02447326
  -0.01903684 -0.00549188 -0.0354663   0.05690616  0.0241398  -0.01903472
  -0.00450056  0.01241132  0.06175638 -0.07232563  0.04084136 -0.03843664
   0.04034644 -0.04521296  0.06925198 -0.07644206 -0.03161315  0.05281452
  -0.02484045 -0.02108908 -0.04763618 -0.07751618  0.0704781   0.02491467
  -0.03297264 -0.06848361  0.00315056 -0.02606507  0.03811804 -0.03222777
   0.00829262 -0.02319545 -0.06927731  0.02776982 -0.03779744 -0.00855736
   0.00387632 -0.04957267 -0.06586502  0.0376415   0.06778148  0.08815577
  -0.04214257  0.05764254 -0.05972958  0.0655437  -0.01357338 -0.04748419
   0.06111725 -0.03117881 -0.02922163 -0.01756136 -0.05586446  0.02699679
   0.04372191 -0.05629705 -0.07187818 -0.08069872  0.00127989 -0.06841926
  -0.03906922 -0.00065887  0.03489963  0.04567295 -0.08329013 -0.05148047
   0.08423651 -0.02122144 -0.06074888  0.08665652 -0.03843444 -0.05462467
   0.05300128 -0.00813534 -0.00394551  0.00767756 -0.03247911  0.02348472
  -0.06979525  0.07440437  0.08174296 -0.04285751  0.01330541  0.04457308
   0.07709566  0.07790373 -0.01653307  0.0013678  -0.06415644  0.02260566
   0.07355135 -0.03450613]
 [ 0.08043045 -0.02522251 -0.07257379 -0.06144414  0.0557687   0.02373064
  -0.05062005  0.02191596  0.0130349  -0.05736576  0.0569332  -0.0750322
   0.02646798  0.05480071  0.07592672  0.08044726  0.06348196  0.08584342
   0.0204355   0.02095678  0.02390397 -0.04783141 -0.0319065  -0.08454946
   0.03440648 -0.08619443 -0.00570149  0.04508866 -0.05588333 -0.01353268
  -0.04669251  0.05618456  0.05453081  0.07867076  0.04934991  0.03483057
   0.06365911  0.00290474 -0.01282412 -0.00104779  0.01791345  0.06360447
   0.05149531  0.07427061  0.07675549  0.05106726 -0.05979762 -0.05231943
   0.03458841 -0.04845879  0.03269485  0.0033536   0.01028821  0.07056195
   0.03684701  0.04935768  0.02780773 -0.06671161 -0.02571045  0.06139771
   0.03670871 -0.0571485   0.06297667  0.02917776 -0.04344958 -0.05460332
  -0.0448784   0.01316153  0.04158806 -0.01251226 -0.04937347 -0.02612713
   0.00568305  0.06017464  0.0077062  -0.04498412  0.04430844  0.00383044
   0.05341338 -0.02859893 -0.06825743 -0.03166186  0.01343666  0.04448919
   0.05808137  0.05183463  0.07712964 -0.0016816   0.03983722 -0.08302619
  -0.04224505  0.06114027 -0.00546218 -0.07355203  0.01732241  0.07655615
  -0.08162916 -0.01421094  0.05030193  0.03517867 -0.08555552 -0.06592287
   0.05913999  0.08786201 -0.03706086  0.06872549  0.0097763  -0.04614262
   0.02542777  0.04577862  0.05926036  0.04823915 -0.00057182 -0.07579904
  -0.01503517  0.01704431  0.02038077  0.01384404  0.02042648 -0.07387138
   0.0353742   0.05113612  0.04149386 -0.02190823  0.03918117  0.07232757
   0.08765582 -0.01443662]
 [-0.03543803 -0.02814782  0.0050586   0.03171106  0.05129945  0.06170275
  -0.03082821 -0.03588426  0.00309981 -0.03966091  0.00332312 -0.01745389
   0.00856035  0.01475837 -0.02090725  0.08137339 -0.04932924  0.05225969
  -0.08578957  0.0336812   0.07863934 -0.00323435 -0.08299435 -0.06252104
   0.04498164 -0.08628886 -0.00010788  0.05600198 -0.07203445  0.06567463
   0.01779592  0.01944799  0.04085622  0.00755297 -0.06902401 -0.04584203
  -0.002826   -0.04471696 -0.02534296 -0.05039433 -0.01491371  0.0695143
  -0.01388682 -0.08782364 -0.02915783  0.02116257  0.07690588  0.03120199
   0.02986002 -0.03523842 -0.07497744 -0.07458657 -0.04803471 -0.00066746
  -0.07366343  0.02892163 -0.07508232  0.0806414  -0.08796569  0.03222422
  -0.04346087 -0.0826592   0.0039403  -0.05895407  0.08803991 -0.02838351
   0.01285993 -0.07816936 -0.03545177 -0.05283427 -0.06222948  0.01793947
  -0.03612306 -0.05775938 -0.01097393  0.00310851 -0.05482576  0.00558463
   0.0446227   0.08634051 -0.08731782  0.03021635 -0.05121516  0.00395793
  -0.05129328  0.05884695 -0.02382225  0.0768541  -0.01059253  0.00543887
   0.08509689  0.01587986  0.08218036  0.08082016  0.01198738 -0.03200061
  -0.03374944 -0.00450727  0.02774275 -0.00270977 -0.08651336 -0.01861912
  -0.05028227 -0.05155908 -0.01674674 -0.08144267  0.06829955 -0.05440995
  -0.0274413   0.04250913  0.01735114  0.01363575 -0.08657372  0.00583492
   0.00373781  0.04566502 -0.08505496 -0.03754926 -0.03695842  0.02669325
   0.01935643 -0.07755911 -0.04094857 -0.05169139  0.02093685  0.03557127
   0.08230197 -0.05578119]]

--- logits.bias | shape=(3,) ---
[ 0.23471797 -0.34695894 -0.05219838]
