
--- embed.weight | shape=(1, 128) ---
[[ 1.16200435e+00  8.95073533e-01 -1.36099124e+00  8.94593835e-01
   3.03833961e-01  7.85120666e-01  1.37113631e+00 -2.37401307e-01
   1.70802665e+00 -6.37812853e-01 -2.53124267e-01  8.27414930e-01
   4.13702846e-01 -1.93400636e-01  2.39585210e-02  6.61260247e-01
  -1.61196753e-01  1.64090371e+00 -4.47138757e-01  6.22230880e-02
   1.06102550e+00  1.50274605e-01  1.24138169e-01  3.98720533e-01
   7.53687143e-01  1.79602647e+00  2.64023304e-01  2.09488630e-01
   1.02497256e+00 -1.48952097e-01 -1.97791949e-01  4.50580537e-01
  -6.22084796e-01  8.68800581e-01 -1.18014085e+00 -7.54663587e-01
  -8.22493136e-01 -4.04238582e-01  8.39572847e-01 -2.25017023e+00
   2.78322309e-01 -3.19059104e-01 -1.07137896e-01  2.95624584e-02
  -8.74338031e-01 -5.49918592e-01 -9.10406094e-03  1.72325537e-01
  -1.30225039e+00  3.42422903e-01  4.63468395e-02 -1.17540680e-01
  -7.74947345e-01  2.06330284e-01 -6.49830043e-01  3.63851517e-01
   3.68674934e-01 -9.66195524e-01  3.22945744e-01  4.13476080e-01
  -1.10795557e+00  1.10371637e+00 -5.04649639e-01 -2.65115738e-01
   2.78882056e-01 -6.76438659e-02 -5.77099025e-01  5.83484769e-01
  -6.36792302e-01  1.41870761e+00 -8.31592977e-02 -1.96376559e-03
   6.97800279e-01 -1.05712545e+00 -7.19450891e-01  8.48972917e-01
   7.13368356e-01  1.43331112e-02 -5.95694482e-02  1.80744398e+00
  -8.07952702e-01 -8.18537772e-01  5.66273749e-01 -2.47279599e-01
   5.82468152e-01 -6.56249940e-01  1.02493155e+00  9.05976653e-01
  -2.66298145e-01  2.31925726e-01  5.06044865e-01  8.83483827e-01
   7.60627329e-01  1.26943678e-01 -5.55904686e-01  6.48662567e-01
  -1.07463050e+00  1.02720177e+00  2.42435262e-02  1.31276858e+00
  -3.18606868e-02 -6.77182615e-01  7.90964842e-01 -1.00724041e+00
   7.86119819e-01  1.63835287e+00  7.44424641e-01  3.66040140e-01
   8.76484036e-01 -6.05244696e-01  9.39567626e-01  8.21743429e-01
   2.21589282e-01  4.86866355e-01  4.26377416e-01  9.08842385e-01
  -2.77990364e-02 -3.04941773e-01 -4.04631317e-01 -2.12303117e-01
   1.16689992e+00  7.80789435e-01  7.31503606e-01 -4.37377095e-01
   7.58081377e-01  1.21028101e+00 -3.44508260e-01 -6.04724348e-01]]

--- fc1.weight | shape=(128, 128) ---
[[-0.02300225 -0.00683444 -0.07026535 ...  0.00563468  0.059028
  -0.05692048]
 [ 0.023743   -0.08077832  0.07312626 ...  0.02214835 -0.0539177
  -0.05508544]
 [ 0.01775899 -0.05245795  0.01101292 ... -0.02899402 -0.06534144
   0.08613921]
 ...
 [-0.05626635  0.03442844 -0.05500184 ... -0.01521879  0.10482863
  -0.01999101]
 [-0.08773983  0.07320575 -0.01179431 ... -0.09112122  0.0642115
  -0.00470855]
 [ 0.03845245 -0.07614646  0.02778093 ...  0.05825846 -0.02690085
  -0.00166899]]

--- fc1.bias | shape=(128,) ---
[ 7.78775588e-02  5.88730350e-02 -2.82348879e-02  6.49150833e-02
 -2.67664306e-02  2.01646611e-02  6.21763095e-02  4.71519008e-02
  3.86362895e-02 -7.13405013e-03  1.83235109e-02 -4.46008444e-02
  8.09833780e-02 -7.70788919e-03 -7.79484957e-02 -4.68705073e-02
 -5.93336038e-02  6.91453591e-02  7.83554539e-02 -7.25246817e-02
  6.35568723e-02 -2.10009012e-02 -7.14162961e-02 -1.99012645e-02
  3.53257824e-03 -1.54485349e-02  4.62993793e-02  3.82204764e-02
  5.30913994e-02 -6.67252690e-02  6.34849295e-02  4.23790738e-02
 -4.04381603e-02  8.54779556e-02  7.84840211e-02 -6.99368864e-03
  2.65554115e-02 -1.66377202e-02  5.19889966e-02  6.87288269e-02
  4.67809401e-02 -2.45112702e-02  6.79055229e-02 -3.39025259e-03
 -6.09355494e-02  2.16486566e-02 -1.29601434e-02  1.69517919e-02
  6.21131808e-02 -2.08762288e-02 -2.05891654e-02  5.23401834e-02
 -1.05702966e-01 -6.73867464e-02 -4.99792397e-02  7.02699870e-02
  4.57261428e-02  2.73547514e-04  3.19491210e-03  1.31406477e-02
  5.94319180e-02 -7.27156326e-02 -1.01819709e-02 -7.49243796e-03
 -5.42178005e-03  9.29792132e-03 -5.42559549e-02 -1.63514391e-02
  7.83272907e-02  1.69080887e-02  4.83792694e-03  4.27419022e-02
  1.37982434e-02  5.04324511e-02  8.80488753e-03  5.73772192e-03
 -9.49620828e-02 -3.08279432e-02 -4.18604687e-02  6.14310950e-02
  2.53322981e-02 -3.07453349e-02 -4.88554575e-02 -7.39628822e-03
  5.29270992e-02  1.63471475e-02  1.98836401e-02  2.29825601e-02
  2.34875605e-02 -6.00357614e-02  4.54035625e-02  3.92811522e-02
  1.93273202e-02  9.64730792e-03  1.81390792e-02  7.63558894e-02
 -9.53103080e-02 -4.39661890e-02 -6.69873506e-02  6.50773346e-02
  3.45050655e-02 -1.42200291e-02  9.81986523e-05  7.73169100e-03
 -9.00078416e-02  8.71429071e-02  2.03009695e-02 -5.69831096e-02
  4.34352644e-02  7.37408400e-02 -4.80865836e-02  1.69830844e-02
  8.24725553e-02  5.15753143e-02  7.06912801e-02  6.70022592e-02
  3.98419127e-02 -5.76564707e-02  7.71228895e-02  2.01090053e-02
  4.30890918e-02  1.44846095e-02  7.60294273e-02 -7.66053796e-04
  2.78511550e-02 -7.34917745e-02  4.79418039e-02 -7.87553494e-04]

--- v.weight | shape=(1, 128) ---
[[-1.2997099e-03 -3.2596447e-02 -4.7974031e-02  8.5274577e-03
   4.9059086e-02  5.1256269e-03  5.1461808e-02 -1.5280516e-02
  -6.1205052e-02  6.4606287e-02 -2.5944039e-02 -2.7633146e-03
  -4.0906277e-02 -2.2594649e-03  3.5891752e-04 -1.9811466e-02
  -1.1974496e-02  1.0633469e-02 -1.6596451e-02 -6.3179061e-03
   4.1967588e-03 -4.1452970e-02 -4.6562910e-02 -3.7153644e-04
   6.0912058e-02 -1.3044126e-02 -6.2904403e-02  2.8221179e-02
   6.9888331e-02  7.9496853e-02  7.0185013e-02 -6.5610304e-02
  -2.0423848e-03  8.6594753e-02  7.8382883e-03 -3.8829923e-02
   6.3949667e-02  2.7568325e-02  4.5616366e-02  3.4156531e-02
   6.8422488e-04 -5.0644502e-03  3.5432726e-03 -6.1706990e-02
   6.4776458e-07 -7.4923527e-03 -6.6234730e-02  6.7196198e-02
   5.1005762e-03  8.0546282e-02 -6.6799715e-02  5.7161977e-03
  -1.8443057e-03 -5.3925857e-02  5.8330186e-02 -2.6589993e-02
   5.9097253e-02 -2.2229694e-02 -7.3433705e-03 -7.9999194e-02
   2.2445053e-02  9.6477689e-03  3.9435439e-02  4.3846630e-02
  -7.0011139e-02 -1.8993337e-02 -1.7921649e-02 -1.2351468e-02
   5.6168921e-02  7.7524267e-02  4.4176141e-03  9.4744340e-03
   4.0163267e-02 -2.0620733e-02 -7.3247068e-02  6.6436626e-02
   5.6042247e-02  1.0588070e-02  4.8116885e-02 -5.8277015e-02
  -3.8299587e-02  7.4811853e-02  6.8835951e-02 -2.6346952e-02
  -1.8528670e-02 -5.7507701e-02 -7.7785969e-02 -3.6108804e-06
  -1.6008489e-02 -5.2637186e-02 -7.3247299e-02  3.4453459e-02
   6.3713767e-02 -4.1922096e-02 -3.3355352e-02 -2.7439671e-03
  -4.2329196e-02  2.9085316e-02 -5.1983953e-02 -2.4718330e-03
   2.6249615e-02  1.9789442e-02  3.5717756e-02  2.9785767e-02
   3.6736876e-02  9.0506598e-03 -8.1121251e-02  4.8870403e-02
   4.1698287e-03  8.0955038e-03 -1.6507603e-02  3.7412740e-02
   7.2851427e-02 -5.2618258e-02 -7.5485311e-02  5.8920898e-02
  -2.5080852e-02  7.7805057e-02 -6.3599117e-02  4.0298337e-03
   2.6255382e-02  4.7218185e-03  5.2098893e-02  3.3551089e-02
  -2.4566798e-02  5.1367108e-02  7.4807175e-02  1.6654147e-03]]

--- v.bias | shape=(1,) ---
[-0.01193575]
